187 314 285 366 354 315 341 271 280 271 230 324 213 347 249 363 311 359 336 342 355 300 353 285 320 266 299 271 274 293 253 312 216 323 201 317
179 296 302 360 332 267 276 268 266 307 187 258 211 339 256 358 339 338 353 302 312 265 294 273 287 290 286 300 251 287 215 291 178 267 177 282
175 293 281 364 354 310 287 282 224 301 188 275 200 332 240 356 310 358 339 340 344 276 312 264 273 278 249 295 211 298 198 288 179 263 176 278
186 318 311 359 355 309 345 274 278 272 228 326 224 354 267 366 330 347 346 329 355 297 353 285 322 266 300 272 273 295 251 317 215 324 200 319
189 324 289 366 355 306 329 268 274 269 243 327 221 354 255 366 316 354 344 334 351 292 343 278 310 267 292 273 271 290 261 311 226 331 207 329
175 274 282 364 353 318 330 264 285 286 230 303 188 320 234 353 308 359 335 344 353 298 348 279 312 265 294 273 270 281 250 297 207 298 186 277
177 269 285 364 353 317 329 264 280 267 220 297 189 317 235 354 310 357 335 343 353 298 344 279 312 264 296 272 264 283 243 295 202 286 187 267
191 326 280 368 354 312 295 272 270 278 242 328 218 353 248 367 308 358 337 341 349 285 323 267 285 271 275 266 266 297 257 315 225 333 207 331
177 296 287 364 337 270 291 299 274 276 185 267 204 335 245 357 329 347 354 309 309 266 285 278 278 300 280 288 243 296 211 296 177 268 177 283
175 286 292 365 354 315 331 266 280 270 226 317 194 326 242 361 316 356 340 340 355 297 346 279 314 264 297 271 272 292 250 312 206 311 188 297
187 317 283 366 355 309 343 273 282 269 224 323 216 349 249 363 312 358 340 339 354 297 352 286 323 266 302 270 271 294 249 313 211 320 197 312
187 321 300 364 355 297 322 266 278 269 231 330 221 353 260 366 327 347 349 325 350 284 336 271 307 267 292 273 273 293 256 317 216 328 201 323
179 297 296 362 354 313 327 265 278 268 183 258 210 339 252 358 319 353 340 336 352 295 344 277 311 266 294 273 248 290 212 291 178 270 177 283
187 320 286 366 355 299 331 266 279 270 228 321 219 351 252 363 317 356 346 331 351 286 344 273 315 264 296 273 273 294 252 314 212 318 196 310
189 324 286 367 355 305 292 273 270 290 232 331 219 354 252 367 315 355 344 334 345 279 319 266 280 265 271 275 261 308 249 322 218 332 204 329
182 313 319 355 341 269 285 285 279 283 178 269 225 350 272 364 347 330 355 299 320 266 299 271 300 294 290 298 242 303 206 299 176 284 177 298
175 283 298 364 330 266 305 302 286 303 244 312 192 325 245 361 338 342 355 302 296 271 294 286 291 298 286 312 283 287 268 294 218 314 191 299
178 296 294 362 354 314 329 265 277 270 181 260 206 335 250 358 317 354 339 338 353 297 345 279 312 264 295 273 246 292 210 292 178 272 176 284
175 293 341 339 330 265 308 295 280 283 222 312 220 348 280 364 355 314 352 287 300 271 291 282 292 299 278 304 265 295 245 309 198 302 181 279
182 314 317 356 338 268 304 294 276 281 178 270 225 351 271 364 347 332 355 300 310 266 287 279 296 301 285 295 242 306 204 301 176 285 178 299
189 324 295 365 355 297 325 266 278 269 235 330 221 354 258 366 324 349 348 326 349 285 337 272 309 268 294 273 274 291 258 313 220 330 204 326
182 315 303 362 346 274 286 273 279 284 177 275 221 348 262 363 337 342 355 309 325 264 305 267 289 288 285 299 246 306 206 305 176 289 179 301
186 319 303 363 355 297 323 266 278 272 238 327 221 353 262 366 329 347 351 324 350 283 338 271 307 267 291 273 276 291 259 312 222 328 204 324
189 325 291 366 355 301 295 273 271 295 239 329 221 354 256 366 319 353 346 330 343 277 319 266 281 267 275 279 263 308 253 320 222 331 205 327
193 328 277 368 354 310 293 273 269 278 238 331 218 353 247 366 308 359 337 341 347 282 320 267 283 269 272 268 265 298 255 317 223 333 208 332
179 293 302 360 330 266 277 268 262 283 189 258 210 336 255 358 339 338 353 301 311 265 293 273 294 285 275 302 236 289 210 284 180 264 179 279
186 318 308 360 355 298 331 267 278 270 228 328 222 353 265 366 332 344 350 323 352 286 343 274 313 266 296 272 274 293 253 318 214 325 199 319
177 285 287 366 355 306 332 266 279 270 233 319 193 325 239 360 316 356 343 335 353 292 346 277 315 266 296 273 271 292 255 310 212 316 189 301
125 304 228 387 322 296 267 331 247 309 148 326 140 349 185 384 279 375 327 345 293 307 269 305 258 327 252 318 215 328 181 337 138 313 132 296
129 301 236 387 320 296 283 318 251 307 154 324 141 347 187 383 286 371 330 342 292 308 271 301 269 325 257 323 222 320 189 330 142 308 136 291
136 339 242 386 321 296 278 317 255 307 133 286 168 370 205 386 287 370 329 342 293 308 269 303 272 325 257 325 211 324 164 325 130 304 131 321
127 304 323 354 320 296 260 337 227 331 157 328 172 376 249 381 330 340 334 316 280 301 283 323 258 326 243 328 244 307 203 331 141 313 136 294
196 322 267 382 342 280 316 296 248 340 209 279 212 349 239 371 315 367 353 328 329 275 324 286 298 310 276 333 228 324 216 301 205 293 200 308
194 324 330 362 342 282 317 296 245 344 209 286 231 368 280 382 348 335 354 309 331 275 324 284 298 312 274 336 225 331 210 309 203 297 198 310
202 314 281 377 331 274 306 324 270 319 215 271 219 345 248 370 328 360 354 314 320 293 307 302 301 308 287 309 248 315 224 297 208 286 203 300
200 316 272 380 337 276 313 304 248 330 212 276 213 344 242 369 320 365 353 322 324 283 313 296 299 306 273 326 232 314 219 293 207 289 203 303
198 320 268 384 352 335 327 276 247 355 208 333 210 351 237 377 297 376 326 360 354 312 346 290 301 300 286 340 234 353 221 341 204 321 207 312
202 313 350 334 330 273 305 327 247 326 218 276 240 367 298 376 354 312 349 289 305 297 319 316 303 310 275 321 234 311 221 296 209 282 206 298
198 326 270 380 334 275 305 300 243 333 211 277 218 351 243 371 320 364 354 321 324 282 317 296 289 321 266 332 228 314 216 295 206 293 200 310
196 323 331 360 342 281 316 296 242 341 209 284 232 368 282 381 349 334 354 308 330 275 324 285 298 312 272 336 223 325 210 307 204 295 198 310
200 317 270 380 347 287 320 295 242 329 212 276 213 345 241 369 315 368 351 333 337 276 324 280 298 307 273 330 227 312 217 293 207 289 202 303
202 315 284 377 354 319 307 303 270 314 213 274 220 346 251 370 312 369 340 348 346 287 324 285 299 305 284 310 246 312 225 293 207 286 204 301
196 325 280 383 345 284 303 299 243 349 207 322 219 357 248 381 322 365 353 326 326 276 319 294 294 326 269 344 230 344 217 330 211 306 202 309
194 325 285 382 339 279 305 296 242 346 209 290 218 356 251 381 327 362 355 321 323 279 319 294 294 321 269 340 223 332 210 313 204 299 198 312
196 322 262 381 349 290 321 294 248 342 210 282 210 347 236 370 308 370 348 337 338 277 324 279 299 310 276 337 226 326 213 304 204 293 199 308
202 315 278 379 330 273 308 321 289 309 216 273 218 345 247 370 327 360 354 313 319 295 312 308 302 320 301 308 260 322 229 305 208 286 204 301
195 323 286 382 342 282 317 296 239 347 209 322 217 355 251 381 325 363 354 323 331 275 323 284 299 314 271 342 227 340 217 330 210 305 203 306
203 313 284 376 343 283 307 301 285 317 219 271 220 344 251 369 325 363 353 323 325 276 318 294 300 305 291 305 261 312 231 301 209 283 205 297
196 329 275 383 340 281 302 300 243 351 211 307 218 357 245 380 320 366 354 325 323 279 317 295 295 326 270 346 224 341 207 326 203 305 198 317
196 323 341 351 338 276 305 300 248 337 210 278 237 369 289 379 353 325 352 299 324 280 318 295 294 319 271 333 227 319 216 299 205 293 200 308
198 319 273 384 348 341 330 276 242 353 206 326 210 350 240 378 298 376 324 361 355 317 348 294 301 300 283 341 228 346 215 335 209 313 205 305
203 313 286 375 330 275 317 314 298 305 220 271 221 344 253 370 330 358 354 315 319 291 308 301 305 317 294 317 269 310 235 301 209 283 206 299
168 305 300 386 328 280 287 293 275 302 177 255 190 360 244 390 342 359 352 317 318 291 302 301 303 316 282 328 235 308 194 297 170 270 169 288
159 307 243 396 352 328 322 280 240 332 178 318 174 345 203 380 286 393 328 371 352 309 342 290 299 297 270 309 219 335 198 331 168 306 165 295
168 304 296 388 323 280 318 313 275 300 177 260 187 358 241 389 341 359 352 315 306 301 296 301 303 320 283 327 235 310 195 301 170 270 168 288
163 317 283 394 326 280 312 316 282 309 201 319 188 363 235 390 331 370 352 322 309 297 293 306 294 329 276 329 255 317 229 321 178 298 164 290
161 312 212 386 348 342 322 280 239 332 170 309 171 338 186 365 261 396 309 384 352 319 346 295 297 298 270 308 216 333 193 325 168 293 162 298
161 310 282 396 350 340 321 280 276 302 206 337 180 361 230 395 308 384 334 365 354 317 344 293 310 289 293 298 253 319 230 333 190 329 174 318
159 310 293 393 354 324 320 280 278 301 204 335 183 364 237 396 320 376 343 352 351 306 339 287 310 291 295 298 255 318 230 333 181 321 166 300
161 299 273 395 344 295 290 298 280 332 181 311 177 349 222 388 317 381 349 340 325 281 310 294 298 311 294 326 267 308 224 326 173 295 166 284
169 310 345 354 329 283 285 290 267 308 188 254 211 374 279 390 354 329 350 303 315 298 295 297 299 305 282 326 239 301 201 291 173 268 170 290
168 309 342 358 326 280 285 296 275 310 180 253 207 373 275 390 352 329 349 300 317 295 299 301 301 313 284 329 240 308 195 295 171 270 170 290
164 301 287 392 328 280 289 302 276 300 194 308 181 353 233 389 333 368 352 322 317 289 303 301 299 323 278 332 251 314 223 315 177 281 168 274
169 307 337 363 329 282 285 292 262 325 182 253 204 370 271 391 352 335 351 307 317 294 299 300 300 308 290 330 252 303 203 299 172 269 171 288
162 320 280 394 327 280 314 314 282 308 180 306 189 365 234 390 328 372 352 325 307 297 294 305 296 326 277 328 250 321 215 323 171 284 162 299
215 384 285 393 327 280 310 314 276 304 169 283 238 390 261 392 331 370 352 323 311 296 295 304 293 333 276 331 239 321 199 316 165 317 181 354
161 310 280 397 351 338 318 279 242 331 204 337 180 361 228 394 307 386 334 366 353 315 342 292 296 296 269 306 230 333 216 337 190 331 175 319
161 315 265 395 352 332 326 280 239 328 173 307 182 358 222 389 299 389 334 367 351 312 343 292 300 298 272 307 218 330 195 324 170 288 163 297
164 302 290 392 328 280 291 303 277 301 190 308 182 354 234 389 335 367 352 321 317 289 303 300 299 323 280 336 252 317 222 317 175 283 168 278
180 350 289 391 335 284 290 298 278 300 173 262 213 380 251 391 332 369 352 327 319 284 307 299 298 323 277 332 237 314 193 305 166 288 170 319
161 318 278 395 333 284 285 300 282 334 176 307 187 364 231 390 325 374 352 330 317 285 303 298 296 311 292 326 266 310 220 328 171 286 162 297
161 311 264 396 352 321 323 280 243 329 173 309 180 355 219 388 302 388 338 360 350 304 339 287 300 298 273 305 219 331 194 326 170 292 163 295
166 300 294 389 325 280 293 333 272 300 191 299 184 355 238 389 339 362 352 318 303 301 301 312 280 328 278 312 246 312 219 312 178 271 169 272
168 307 338 362 328 282 286 294 270 309 184 255 205 370 271 391 353 334 350 305 318 295 300 301 303 314 281 326 253 303 206 297 172 269 170 288
125 341 242 418 329 289 299 330 157 330 141 280 151 382 196 412 302 400 349 346 306 300 281 310 258 329 209 346 161 309 159 289 138 299 138 320
120 315 231 413 326 288 278 299 205 319 137 262 145 358 187 399 292 399 346 345 314 303 295 308 283 327 249 313 186 297 167 269 127 278 124 297
130 343 262 413 348 337 282 322 176 330 145 266 163 390 212 413 297 398 331 373 338 297 302 305 251 317 213 326 178 304 164 283 127 288 127 316
125 351 248 418 332 289 299 329 155 326 143 276 160 388 204 413 306 397 351 344 309 300 283 307 260 323 208 342 164 307 160 287 136 300 133 326
125 344 238 421 352 334 329 290 197 350 150 316 151 382 194 412 284 406 327 379 350 318 343 301 288 307 246 343 176 344 154 336 139 322 130 329
130 340 270 419 328 292 271 350 230 399 164 364 154 394 212 419 316 389 348 342 300 298 278 320 276 368 252 387 212 394 188 376 150 365 140 349
126 347 231 421 348 330 323 289 222 356 155 342 153 384 191 412 280 411 328 378 346 315 337 300 289 307 259 338 201 356 178 351 140 330 127 332
125 343 241 419 335 291 287 307 155 331 146 282 151 382 196 412 300 402 345 350 317 292 302 299 247 339 199 347 155 314 159 297 139 302 136 322
127 338 230 421 348 335 323 289 230 358 185 356 148 380 187 411 278 413 324 383 346 318 336 301 290 305 265 335 215 359 200 358 163 346 141 334
130 342 266 420 332 294 273 346 275 388 213 399 157 397 211 418 314 391 346 345 302 298 278 317 285 352 283 369 256 389 235 403 180 377 145 367
127 346 285 412 348 332 323 291 217 363 150 344 167 399 225 421 313 390 340 363 345 317 337 302 286 307 256 345 196 360 173 352 141 336 130 331
120 312 226 414 327 287 279 302 257 330 144 260 141 356 180 397 291 400 346 347 316 301 298 307 289 328 275 317 224 314 183 304 129 274 124 294
136 323 256 416 330 289 298 329 268 308 173 331 146 375 201 410 311 387 349 342 306 302 283 309 288 337 278 327 239 326 208 332 163 289 130 283
129 348 264 414 330 289 300 321 173 330 149 269 168 393 216 415 316 383 349 338 305 303 283 308 276 316 227 326 177 306 161 287 129 288 129 317
130 332 276 415 347 343 324 291 253 366 207 374 158 393 219 419 304 395 333 374 347 324 339 305 293 299 275 333 238 371 222 375 179 361 151 349
130 338 278 417 346 318 292 300 267 367 209 385 159 397 218 421 311 392 341 358 334 296 313 293 278 322 269 345 248 374 228 383 176 367 146 359
123 308 267 412 340 295 283 314 182 328 147 264 147 368 206 410 312 385 347 343 320 295 297 305 254 317 220 321 180 306 166 284 132 271 127 290
130 335 278 416 348 333 322 289 260 365 212 380 157 394 217 420 306 394 337 368 345 317 336 301 291 301 276 332 245 372 229 378 181 367 151 353
127 351 231 421 350 327 324 289 221 353 159 340 156 386 193 412 281 410 330 376 346 312 337 297 290 306 259 334 203 353 181 349 142 328 127 334
125 348 257 417 327 289 295 331 166 330 138 276 164 392 212 413 310 389 351 341 305 302 283 310 257 321 216 335 166 308 162 285 130 300 134 324
132 344 219 414 336 291 265 310 184 326 138 263 156 376 185 401 285 404 342 353 313 301 285 309 242 317 217 319 180 302 165 274 126 290 125 316
120 309 224 413 328 287 278 302 273 318 147 260 140 353 179 396 289 401 344 347 315 302 295 307 292 319 276 330 231 311 186 307 130 270 126 290
125 342 250 418 327 289 294 330 160 328 140 276 156 386 203 413 309 392 351 342 303 301 283 310 260 319 212 340 164 307 161 284 133 298 137 320
120 310 229 414 328 288 278 300 273 330 143 260 142 355 184 399 293 400 344 347 316 301 296 308 289 314 284 322 229 311 183 299 128 273 125 292
125 349 253 418 283 310 281 337 168 329 144 276 163 391 209 413 327 380 344 306 296 324 286 324 256 316 215 331 170 307 164 289 130 296 135 322
193 357 328 369 343 307 330 314 293 324 244 367 234 392 281 394 345 346 348 322 335 294 329 301 319 329 305 336 284 336 265 354 227 367 210 363
203 375 278 395 348 332 325 295 299 330 237 374 228 391 253 396 307 384 335 362 345 317 338 305 333 321 315 337 285 341 261 363 226 374 214 373
191 319 246 386 346 323 329 296 308 328 238 335 202 346 219 370 288 387 328 365 345 311 339 299 325 312 317 321 285 328 261 332 222 331 205 323
189 333 284 390 343 310 324 330 290 325 247 351 210 370 246 389 318 376 344 344 328 296 327 315 309 333 295 337 278 330 264 344 227 351 206 341
189 347 327 370 337 298 327 331 295 339 239 358 229 386 278 392 343 347 348 323 329 302 328 321 315 335 303 335 287 320 266 345 222 357 205 350
191 352 251 394 348 332 332 293 293 324 247 361 206 373 228 388 289 391 326 370 348 318 344 304 330 319 310 337 281 333 264 347 228 362 209 356
189 344 296 388 339 303 327 330 288 324 248 352 218 380 257 393 328 368 346 336 329 301 329 321 311 335 296 340 279 328 263 343 228 355 208 349
203 372 274 396 336 302 332 318 296 325 259 366 225 390 249 395 315 379 348 342 327 294 331 307 318 331 307 342 287 336 275 352 240 372 221 372
191 324 240 386 348 326 331 292 278 338 249 340 198 348 216 371 283 389 326 368 346 314 341 302 324 321 298 332 275 331 262 336 233 340 211 331
189 331 273 391 342 308 326 329 285 327 256 346 204 364 238 386 312 380 343 347 328 296 328 315 306 333 290 344 280 327 269 339 233 349 210 340
191 330 278 391 340 300 326 324 291 339 258 344 208 365 242 387 317 375 346 338 330 301 327 317 312 331 297 338 284 330 276 329 235 346 212 341
190 350 258 394 336 295 319 335 290 324 241 360 207 373 232 387 306 384 345 343 331 304 329 321 303 337 296 337 278 333 259 349 223 359 205 352
189 339 268 393 343 310 326 327 291 326 229 353 208 369 237 387 307 382 341 350 328 295 328 314 314 335 300 339 272 336 250 347 216 350 202 342
191 326 285 389 342 303 327 323 289 336 255 342 207 363 246 388 320 374 345 339 328 294 328 311 311 331 295 333 282 333 273 330 233 344 211 335
191 355 296 389 344 306 333 311 291 322 238 364 222 385 259 395 327 370 348 338 336 295 329 299 321 326 306 335 276 339 257 355 222 364 206 357
191 321 246 387 346 330 330 293 321 329 242 339 200 347 220 373 285 388 324 369 346 316 342 302 328 306 324 319 293 330 269 331 225 335 207 327
193 361 281 393 348 333 331 295 294 326 246 366 219 385 250 395 309 382 337 359 344 319 343 307 329 321 312 337 284 335 265 352 228 369 210 365
104 351 285 394 325 302 247 292 256 324 154 342 161 397 223 405 319 370 334 336 300 292 274 293 251 305 261 319 227 305 191 326 137 344 120 340
98 325 226 403 317 294 288 321 249 331 125 318 131 372 178 395 281 391 330 348 280 296 255 302 270 315 257 327 223 303 174 319 110 296 102 303
105 347 201 407 318 296 247 294 253 346 151 340 131 377 166 398 265 400 326 359 294 291 269 294 255 313 260 331 237 312 197 322 134 342 118 335
118 389 218 420 334 322 272 289 197 342 152 366 149 406 183 418 269 409 319 375 323 298 298 291 243 282 223 310 182 353 168 360 141 374 128 381
115 364 253 405 335 319 269 292 241 306 177 338 159 399 206 407 292 391 328 359 321 295 295 289 255 291 245 293 220 312 198 326 152 346 128 346
111 356 277 398 322 296 244 295 266 327 168 340 163 399 220 406 316 373 335 335 295 290 268 292 250 304 261 318 238 309 204 321 146 345 124 344
123 381 216 418 334 325 292 290 244 285 161 356 151 404 183 412 266 407 315 376 327 307 311 295 277 289 261 287 225 317 194 340 149 358 135 369
119 369 246 408 335 323 308 292 248 287 183 339 160 402 203 408 286 395 324 364 330 309 321 296 288 290 268 289 233 305 208 323 157 346 134 351
125 385 256 412 331 354 325 302 246 282 195 344 162 409 209 419 284 400 313 382 334 337 334 319 299 291 272 288 233 302 215 322 167 358 140 368
120 370 239 410 335 325 308 292 248 286 174 343 158 401 198 409 281 399 322 368 330 311 322 298 288 289 268 289 229 311 201 328 153 349 131 353
123 380 210 418 334 326 268 287 217 326 165 358 148 404 179 413 262 409 313 379 321 298 293 290 247 282 233 304 200 337 183 347 149 362 136 371
98 282 249 401 331 314 251 299 228 311 148 316 111 349 179 393 289 387 326 355 307 292 277 301 264 322 239 322 213 305 179 313 129 310 115 291
105 341 244 400 305 293 253 302 194 346 102 273 149 380 196 396 296 381 332 335 285 297 264 303 260 320 229 330 221 300 161 312 100 295 100 319
98 329 214 405 318 296 271 317 238 333 153 330 127 371 171 393 272 395 326 354 284 292 253 297 256 325 250 330 232 304 194 316 132 329 113 315
98 329 227 405 317 294 265 333 236 305 145 328 133 376 180 396 281 391 329 349 278 297 260 310 255 333 237 326 208 311 177 321 125 321 106 311
120 374 280 400 334 327 295 289 248 286 189 340 172 408 226 412 309 381 329 356 328 310 314 296 281 289 265 289 232 309 214 323 164 349 140 355
123 376 219 416 334 329 311 294 247 285 166 352 151 404 185 411 267 406 314 377 330 315 323 302 289 288 269 288 227 316 198 335 151 356 136 362
98 287 232 403 325 304 251 296 251 332 144 319 107 346 168 391 281 390 326 354 302 292 275 300 266 312 264 321 228 301 186 312 125 312 114 293
121 374 277 403 334 334 311 294 251 283 185 342 170 408 223 414 302 386 326 362 332 320 324 305 291 290 272 289 233 306 212 325 162 352 139 356
118 367 254 406 336 323 269 291 237 305 182 338 161 401 207 407 292 392 326 361 323 296 296 289 255 290 243 294 219 313 201 326 157 345 132 349
116 392 263 415 334 320 254 282 227 301 188 352 163 415 213 423 298 396 330 358 313 296 284 290 240 280 233 291 210 315 196 333 165 367 141 379
100 337 209 407 317 296 260 343 242 352 155 335 125 371 166 395 270 397 327 356 276 295 250 306 252 327 242 334 237 312 198 317 136 335 118 328
116 394 259 416 333 316 247 280 195 330 172 369 163 417 211 423 299 396 330 357 306 295 276 290 231 291 213 309 191 343 184 358 153 375 135 388
116 391 269 410 334 323 271 288 230 302 185 351 167 414 218 420 302 392 329 358 323 300 298 292 254 280 239 285 214 318 198 334 160 365 138 378
118 393 271 411 334 322 292 290 241 282 188 351 167 416 219 422 305 390 330 358 328 305 311 296 275 289 257 283 227 302 204 324 163 365 139 380
100 275 258 397 332 330 251 300 218 304 150 308 113 347 184 395 288 386 319 362 316 296 280 299 257 321 220 329 198 308 175 308 131 299 116 281
107 351 209 407 322 299 273 312 243 328 145 340 138 381 174 399 268 398 324 358 283 292 246 296 260 332 255 339 226 304 186 325 126 339 110 336
120 372 239 411 335 337 314 296 247 286 188 337 159 403 197 410 277 400 315 374 333 322 327 307 293 289 270 289 233 306 212 320 162 346 136 353
99 332 211 405 313 294 257 337 234 307 149 333 128 373 168 395 272 395 327 353 268 298 265 313 244 326 235 337 208 313 179 324 129 331 110 319
142 316 240 396 371 346 296 300 268 332 172 324 165 355 201 383 287 397 334 385 364 311 331 303 289 309 281 319 236 342 204 339 160 317 154 304
142 318 219 396 370 354 296 301 266 340 205 359 151 353 184 376 271 401 324 398 367 317 334 304 289 311 280 326 246 350 226 354 183 339 157 312
148 330 309 386 343 294 315 336 289 345 173 314 195 377 252 390 348 367 369 330 319 311 296 315 299 331 290 336 268 315 221 328 162 297 152 312
146 330 312 386 350 299 314 338 272 314 171 314 196 378 254 391 347 369 369 335 321 311 294 314 300 332 286 323 238 328 204 328 159 300 150 314
142 323 298 392 368 351 297 302 260 329 171 322 184 373 241 391 322 383 347 372 367 315 334 299 285 312 276 317 231 334 201 331 163 307 148 307
146 316 307 388 369 346 294 310 276 312 212 331 184 371 245 390 329 379 351 366 361 311 327 307 312 330 298 328 256 324 234 330 187 321 164 311
143 315 238 396 371 347 348 298 293 300 211 342 161 353 198 382 285 397 332 387 371 329 363 311 329 305 310 310 275 329 243 342 185 331 159 322
144 316 229 396 371 350 347 298 294 298 222 352 156 353 191 378 279 401 329 394 371 332 365 314 329 306 311 310 281 326 252 346 194 343 165 323
142 322 220 395 323 397 295 299 217 355 176 329 154 355 187 377 254 400 288 400 370 352 349 300 279 328 249 348 206 352 191 343 159 316 147 306
144 316 231 396 371 341 348 299 294 299 213 346 160 353 194 381 282 399 334 388 369 326 361 311 330 306 311 310 276 329 245 345 188 333 163 322
144 314 286 399 371 348 348 298 293 299 214 349 173 369 229 395 318 394 349 378 371 331 363 313 329 306 310 310 278 329 248 346 190 337 165 322
142 318 241 394 371 337 297 301 262 334 167 323 166 356 201 384 290 395 340 381 361 306 329 305 288 309 278 321 231 340 199 335 163 311 151 304
142 317 295 393 369 350 345 297 291 301 172 323 180 370 237 391 321 385 348 374 371 330 365 310 327 307 309 310 257 331 215 336 165 310 151 303
150 331 330 377 343 294 316 328 280 339 181 315 204 382 267 390 360 354 367 322 321 312 303 321 306 334 297 342 260 318 221 326 165 298 155 310
144 324 298 391 368 349 298 303 252 328 170 320 185 373 241 390 322 383 347 370 366 314 333 301 289 318 271 317 225 333 198 329 163 308 148 309
152 328 313 382 363 312 322 328 283 343 171 303 197 377 255 389 342 369 365 342 342 294 322 312 315 334 300 340 259 318 214 325 157 297 154 313
142 318 292 394 371 345 298 302 261 332 170 323 181 371 236 392 321 385 351 373 366 311 333 301 287 308 276 322 231 338 201 333 163 310 150 304
136 303 215 390 338 339 279 270 247 301 189 326 148 341 178 375 258 390 302 380 336 309 310 284 264 270 256 285 229 314 209 323 167 320 144 302
138 304 208 392 339 341 331 300 263 268 177 331 148 339 172 373 254 394 300 381 341 327 339 313 309 284 286 276 246 297 212 320 163 325 149 313
149 320 206 373 336 313 268 275 219 308 153 237 164 341 184 360 257 378 308 362 321 286 294 264 274 300 248 303 227 279 184 268 149 265 145 292
139 306 207 394 340 343 332 301 261 267 178 332 148 341 171 373 253 395 299 382 341 329 340 315 309 284 285 276 242 294 211 317 164 327 150 316
138 307 187 372 337 317 277 270 245 276 148 257 150 329 165 352 244 381 302 368 324 292 302 272 270 282 260 284 210 298 172 292 142 273 138 289
141 303 296 372 276 270 241 307 222 301 149 245 180 361 238 380 334 333 323 287 289 291 275 311 246 286 236 281 211 282 175 277 146 264 142 284
136 301 269 384 337 311 270 271 255 286 188 306 164 354 215 382 302 370 331 345 319 287 295 270 266 286 259 299 236 293 212 304 160 291 141 272
136 299 315 364 291 268 288 297 254 284 187 308 175 368 245 385 337 330 327 294 268 278 267 307 282 321 263 311 233 296 210 306 159 295 141 272
138 305 269 382 337 311 261 296 195 304 147 263 167 356 218 382 301 370 332 344 311 280 278 269 253 279 225 296 176 297 158 282 141 275 138 290
137 301 208 391 338 342 330 300 265 269 175 329 148 337 170 371 253 393 299 382 341 328 339 314 309 284 287 274 245 300 211 323 161 322 147 309
142 287 297 370 285 268 290 291 243 276 155 244 171 349 233 379 332 334 327 292 270 276 275 287 274 310 244 304 227 280 188 277 148 253 146 271
140 311 197 391 341 341 323 292 257 266 178 333 146 341 167 369 248 397 299 383 341 325 337 309 301 283 279 272 237 294 208 317 164 329 151 318
136 299 211 390 337 341 330 300 267 268 179 327 146 336 173 372 255 390 299 381 339 327 338 313 309 284 288 273 247 300 214 321 162 320 146 305
136 300 234 391 338 338 279 270 249 300 192 325 151 344 189 380 272 387 309 375 335 308 309 282 265 270 256 285 230 313 211 322 168 319 145 300
136 289 197 380 336 307 270 270 260 318 187 314 143 323 163 358 257 387 317 366 317 286 294 271 271 287 271 304 251 289 221 307 166 306 148 288
136 291 185 378 338 336 281 269 251 292 183 322 139 322 157 353 239 389 294 382 336 308 310 283 267 269 256 279 231 310 207 320 164 313 145 297
136 294 252 387 334 305 269 270 265 314 188 311 153 345 200 380 294 376 332 348 315 284 292 269 268 285 268 302 252 288 222 304 165 302 146 281
136 293 191 380 336 340 280 269 252 288 184 319 140 325 160 356 242 389 293 380 336 309 311 282 266 269 254 278 230 306 207 317 163 310 146 293
136 287 195 380 337 316 269 270 274 308 189 317 140 322 160 356 253 388 311 371 323 290 296 273 272 281 276 297 252 290 221 309 168 310 149 294
142 320 193 392 340 343 326 297 255 266 179 334 144 347 166 370 245 399 297 386 341 328 338 313 303 284 279 274 233 291 208 315 166 335 152 325
141 311 293 374 287 268 271 314 222 304 148 249 181 364 237 381 332 339 329 296 274 279 287 296 248 295 236 276 208 290 172 281 144 270 140 291
141 319 199 393 341 342 321 292 256 266 179 333 146 347 170 372 249 397 299 384 341 325 336 307 299 282 277 273 236 292 208 317 166 333 153 322
136 303 212 392 340 333 279 270 250 296 177 328 149 340 176 374 259 392 305 378 334 305 308 284 265 270 259 281 226 315 202 327 160 320 146 306
139 307 279 378 284 268 288 293 225 302 150 253 172 358 225 381 328 347 330 298 273 278 281 292 265 312 255 282 205 295 170 285 142 269 140 288
161 318 298 393 344 313 301 304 215 352 169 275 188 373 243 398 328 373 349 344 330 325 312 321 276 327 247 350 198 326 186 298 164 287 162 303
202 393 306 395 352 346 339 307 291 311 262 364 236 405 271 402 325 384 343 366 352 333 349 320 324 319 305 321 286 328 274 346 241 379 221 390
161 320 299 393 343 312 301 304 208 355 174 274 188 375 243 398 330 372 350 343 330 326 311 322 274 332 242 355 193 327 183 298 165 283 163 302
183 379 285 399 345 313 297 308 190 371 165 290 217 397 251 402 321 383 352 350 327 325 311 325 271 346 232 377 177 344 175 316 160 318 167 348
202 393 313 392 350 321 324 326 295 310 255 370 239 404 276 400 338 373 352 347 341 309 330 315 315 321 303 322 285 328 272 349 237 382 219 390
199 394 308 394 353 350 338 306 294 313 230 386 235 406 271 403 328 381 345 363 353 335 349 320 323 316 304 317 282 337 260 365 219 391 208 391
198 392 292 402 353 342 336 305 287 309 236 384 229 406 260 406 317 388 342 368 352 329 347 316 321 314 304 315 279 336 260 363 224 389 211 391
200 393 306 395 353 341 337 306 291 310 231 386 235 406 270 403 326 383 345 363 352 329 348 317 323 318 305 319 278 338 259 366 221 390 210 391
197 392 288 404 350 323 293 312 283 334 233 385 227 406 257 406 321 386 350 357 335 305 315 315 285 312 284 323 268 352 249 370 221 388 209 390
188 382 321 385 350 323 316 331 293 312 222 384 232 400 276 400 342 368 353 346 340 310 328 324 308 323 299 314 276 340 252 367 211 384 199 383
164 330 274 396 305 308 321 332 281 314 172 277 192 368 232 395 326 369 344 318 297 314 305 329 301 333 287 335 245 330 206 312 169 293 166 312
161 316 221 394 344 313 301 303 223 349 170 273 171 345 192 374 277 396 333 369 330 324 311 320 278 321 253 344 201 325 187 296 166 285 164 301
195 386 299 394 345 314 313 333 205 366 165 283 229 398 264 399 329 374 351 345 337 323 321 326 289 316 251 358 183 340 177 310 161 317 173 352
161 320 305 388 343 313 284 314 218 343 171 278 197 375 250 397 332 367 348 340 320 324 304 304 269 325 244 343 202 321 191 297 166 290 164 305
159 307 267 403 344 311 295 308 190 376 173 328 170 359 215 396 311 388 350 355 326 325 309 324 271 347 233 377 179 360 174 344 173 310 166 293
176 353 236 394 341 311 319 332 279 312 171 277 194 369 215 385 286 392 335 361 311 320 299 316 297 341 286 337 244 326 207 306 169 302 166 327
198 392 292 401 350 354 338 306 293 311 238 382 228 406 260 405 317 389 340 369 353 338 349 322 320 316 301 315 283 333 263 361 225 388 211 391
194 386 319 387 349 323 315 324 291 314 228 384 235 402 277 400 342 369 352 346 341 309 328 321 306 323 298 312 277 341 256 367 217 388 205 387
161 299 225 398 347 317 297 307 200 367 177 317 166 339 186 379 279 399 334 372 329 326 313 327 273 341 237 368 187 351 180 334 175 301 167 286
181 359 240 394 341 311 314 333 280 308 173 276 200 373 220 383 288 389 336 359 312 321 299 317 303 342 287 334 246 318 208 300 171 304 172 331
199 388 303 392 345 314 310 331 209 363 166 283 233 398 268 399 332 372 351 343 337 323 321 327 289 314 254 354 187 337 180 309 161 317 174 353
186 381 278 400 344 312 296 308 199 370 166 287 216 396 247 401 317 383 351 351 326 326 312 324 273 343 237 368 181 345 175 316 161 315 169 348
190 383 324 384 348 318 318 332 294 308 225 385 234 402 279 400 346 364 353 341 337 310 328 323 312 325 302 319 278 337 257 365 213 386 201 384
202 392 322 386 348 319 323 331 291 311 235 383 241 404 281 399 344 366 352 343 339 308 328 319 314 323 302 319 280 337 262 362 224 388 213 390
176 353 236 394 342 313 318 331 276 308 171 279 194 369 215 382 285 391 334 362 314 322 299 314 301 345 289 328 242 321 206 300 170 304 170 328
160 314 302 392 345 314 314 338 210 360 179 293 184 373 243 399 331 373 349 344 335 324 319 331 298 305 259 348 193 340 186 317 166 282 162 298
163 325 231 396 343 313 298 327 250 340 170 276 176 353 203 379 282 393 333 365 319 324 302 303 282 314 270 323 217 334 196 303 167 292 165 309
206 358 258 393 336 371 330 296 285 299 247 347 218 375 238 384 284 394 310 387 342 346 342 321 315 291 300 292 278 315 265 332 233 351 219 353
201 352 308 386 339 359 335 300 286 301 240 345 234 382 271 391 320 381 332 371 341 340 341 320 319 292 303 293 278 318 260 336 227 346 213 342
193 325 327 372 325 292 291 336 274 307 203 294 227 370 277 386 340 345 340 318 299 298 298 318 290 341 286 323 253 320 225 320 195 298 193 312
202 354 305 387 340 358 323 292 284 301 247 345 234 383 269 392 318 382 332 372 342 335 341 312 310 291 298 294 279 318 264 334 232 348 217 347
193 328 322 375 335 302 300 326 279 310 205 301 226 370 274 387 339 353 342 328 312 288 292 304 288 329 284 323 254 323 227 325 200 305 194 316
198 343 250 387 339 360 322 292 288 300 231 342 210 362 230 377 280 390 311 385 342 336 340 312 311 289 300 294 276 319 254 337 219 339 207 338
193 322 269 386 337 304 299 323 276 309 199 288 206 353 237 375 310 380 339 346 314 288 290 303 290 326 285 321 251 319 222 314 195 297 194 310
203 336 247 377 337 355 294 316 261 295 199 280 213 352 230 367 277 382 307 378 339 318 314 287 274 322 259 318 241 302 218 298 199 299 199 317
200 349 311 385 340 360 322 292 286 302 235 344 233 381 272 390 321 379 331 371 341 336 340 312 310 290 298 295 276 320 256 338 222 343 209 340
198 334 303 382 338 356 298 319 271 308 195 286 226 369 264 384 315 377 328 368 340 315 309 290 293 326 282 318 247 315 218 307 196 302 194 317
207 365 321 385 341 358 332 299 283 298 244 350 243 391 282 394 331 378 337 368 342 339 342 319 316 293 300 292 276 318 264 336 231 355 218 356
205 343 297 382 337 353 294 319 262 325 197 283 233 371 265 382 312 376 327 366 339 313 308 294 285 322 274 323 251 304 222 301 197 303 199 322
196 335 315 383 339 353 286 302 291 329 231 337 227 373 271 388 326 376 336 365 341 320 320 290 290 310 294 321 275 316 254 333 218 331 206 326
203 353 274 393 337 369 336 301 285 300 233 349 222 378 248 387 295 390 316 383 342 347 342 324 319 292 302 292 274 320 256 338 223 350 213 347
195 285 272 385 337 355 289 303 289 326 232 311 198 328 228 369 295 382 318 374 340 321 321 290 294 313 299 320 272 311 253 312 217 305 206 291
206 364 321 384 341 358 334 301 285 298 251 347 242 387 281 394 331 378 337 368 342 339 342 320 318 293 302 292 279 314 268 331 235 353 219 355
197 337 252 387 337 364 284 303 291 329 231 339 207 359 229 375 280 389 309 385 342 326 322 292 290 310 295 319 277 315 255 335 220 336 208 331
206 363 262 395 338 368 329 296 284 299 243 350 222 378 242 386 288 393 314 387 342 344 342 320 314 291 299 293 278 315 262 335 230 353 217 355
203 357 262 393 336 370 335 301 284 300 250 344 220 376 241 385 287 393 312 385 342 347 342 324 319 292 302 292 277 316 265 330 234 349 217 351
193 334 254 387 335 365 288 301 287 321 230 333 208 357 230 374 281 388 309 383 343 328 325 293 289 311 293 322 271 319 251 332 216 326 203 322
196 283 279 384 334 359 294 301 294 320 260 320 198 329 233 371 298 381 317 374 340 326 327 294 293 308 302 314 285 322 272 324 241 309 215 300
194 323 256 387 332 369 317 290 287 318 248 330 203 350 228 373 281 387 306 383 342 340 340 311 301 296 287 305 276 310 263 323 229 329 210 317
207 367 323 384 340 356 335 302 280 300 243 353 245 392 284 395 332 376 339 366 342 338 342 320 317 294 299 292 276 320 263 336 229 355 215 355
136 265 190 391 357 326 318 271 276 295 212 335 140 309 147 352 251 397 312 379 355 302 341 282 301 281 283 287 262 316 241 341 187 305 166 272
139 263 247 396 349 331 278 280 291 342 231 309 144 326 183 384 289 385 330 364 351 300 320 270 299 309 300 325 270 324 255 295 198 289 175 262
136 278 241 404 359 317 279 288 241 360 166 288 139 336 180 388 289 395 338 366 344 284 309 276 277 312 262 339 204 358 176 324 152 270 145 260
138 263 268 399 357 329 321 271 233 349 177 297 141 334 197 394 302 384 337 363 357 306 345 282 282 283 267 317 209 343 191 321 171 277 154 268
140 350 231 407 352 293 278 292 230 367 147 263 165 379 197 396 292 396 349 355 328 273 302 284 276 320 257 349 186 348 166 301 135 289 134 318
132 276 281 403 356 340 280 293 254 355 162 291 139 351 206 403 309 388 337 370 356 299 321 273 279 315 266 337 211 366 174 334 152 278 146 264
138 325 260 401 361 318 278 287 224 358 142 260 163 373 211 397 302 387 344 359 344 283 310 276 273 317 253 347 186 331 168 290 138 280 139 302
138 263 199 394 321 271 309 319 269 285 186 290 139 309 150 356 279 392 352 340 292 285 295 303 317 346 289 320 244 316 216 319 182 271 159 267
139 263 229 398 355 330 289 291 292 324 237 313 142 319 170 375 274 390 320 371 349 291 315 271 297 303 302 314 285 299 259 293 198 297 175 264
136 281 193 394 359 313 278 288 222 362 166 284 137 322 151 364 259 402 325 376 340 282 308 276 274 318 254 348 192 346 174 315 152 270 143 264
138 265 289 389 320 270 324 308 273 288 232 317 143 339 210 397 338 359 356 310 290 283 298 308 314 336 288 317 257 297 243 312 194 297 175 266
136 265 199 395 359 317 312 306 267 295 215 330 140 311 153 358 260 397 321 374 337 279 296 285 301 304 283 299 256 318 238 337 188 301 168 272
132 281 213 405 357 302 280 291 227 367 164 290 135 330 163 378 277 402 340 366 336 278 307 278 277 320 257 351 194 357 173 325 150 274 145 264
138 322 279 395 349 287 280 284 233 344 138 264 170 376 223 397 324 373 357 331 326 272 303 280 269 304 257 328 195 322 173 280 140 283 141 303
190 392 268 400 360 317 277 287 223 356 144 260 216 398 242 400 307 384 346 356 344 283 313 275 272 316 252 344 189 328 170 288 139 305 149 352
136 265 274 394 359 317 310 308 267 291 221 327 141 336 202 396 310 380 346 353 337 280 298 284 289 304 289 308 259 309 241 328 191 301 171 269
139 347 224 405 333 277 278 292 235 364 149 260 161 375 192 393 294 394 354 342 314 273 296 288 276 317 260 344 189 348 167 300 136 286 135 317
138 324 252 403 330 274 277 288 217 360 145 260 159 370 205 396 315 382 359 326 312 273 295 287 272 320 250 352 184 330 168 291 138 280 138 303
139 264 269 399 359 326 283 283 225 355 177 304 141 334 196 394 304 384 340 362 351 290 316 271 273 309 255 340 206 344 189 326 169 282 157 267
139 264 237 398 318 269 320 312 283 340 232 310 142 324 176 379 304 381 355 324 292 283 298 301 301 324 285 326 255 332 257 294 197 293 174 262
190 412 249 415 312 323 282 302 256 332 220 395 209 416 229 416 286 396 314 361 304 313 293 306 276 312 266 323 259 355 243 376 209 401 198 406
200 416 297 390 311 330 280 301 256 330 253 364 232 419 264 412 307 370 313 350 306 318 293 307 272 309 265 320 256 341 256 352 234 383 214 400
196 417 259 416 312 328 276 300 252 328 244 369 217 422 238 420 292 395 309 362 302 315 289 306 268 307 260 318 254 341 252 355 225 385 205 399
193 414 249 415 314 328 282 302 257 329 250 372 211 416 230 417 285 398 312 365 306 316 294 308 275 310 267 321 259 343 259 357 231 389 211 405
188 410 264 409 317 341 284 300 258 331 228 390 212 417 238 414 290 392 310 368 312 325 300 309 278 311 267 323 262 354 249 372 214 398 200 405
182 406 280 400 317 349 283 300 258 331 231 388 214 417 247 412 297 385 311 367 315 330 303 310 278 312 268 323 261 351 247 368 214 396 197 403
191 413 246 416 313 326 283 302 256 331 248 374 209 416 227 417 283 399 312 364 305 315 294 307 276 311 266 323 258 345 256 359 229 389 208 403
148 340 230 413 313 342 264 348 248 321 225 350 160 374 195 401 264 404 296 377 298 309 273 318 252 342 253 330 237 325 232 339 198 360 171 353
200 418 284 402 311 327 276 300 255 328 249 367 228 421 256 415 304 378 312 353 303 314 290 305 271 309 264 319 256 341 254 354 231 384 211 400
160 379 235 416 315 334 283 301 258 352 197 392 181 405 208 415 272 400 306 372 309 320 297 306 272 321 260 334 244 362 224 383 185 390 172 383
194 413 296 391 312 331 273 300 249 325 247 361 226 422 261 417 306 371 312 351 303 316 288 306 266 306 258 317 252 337 250 349 227 378 206 395
198 416 288 399 313 333 277 301 255 329 251 366 228 420 258 413 304 377 312 355 306 319 292 306 271 310 264 320 256 341 255 353 233 384 214 399
200 415 295 392 312 329 281 301 257 330 251 368 231 419 263 411 307 371 314 350 305 317 293 308 272 309 265 320 258 342 257 355 234 385 215 401
200 418 285 402 311 327 275 300 255 329 249 367 228 421 256 415 304 377 312 352 303 314 289 305 269 309 262 319 256 341 255 354 231 384 212 401
186 408 260 410 317 337 282 300 258 331 228 390 210 417 235 415 288 393 311 366 311 322 298 308 278 312 267 323 261 353 248 370 214 397 200 404
148 340 234 412 312 339 267 342 244 319 186 358 163 376 197 401 268 402 299 373 298 310 276 315 256 346 250 333 228 336 210 353 172 351 159 337
190 413 301 384 316 338 284 301 257 331 239 379 227 416 264 410 310 369 315 354 311 323 299 308 276 311 267 322 260 349 252 365 222 393 204 403
148 343 210 412 313 337 268 332 239 324 170 360 157 370 182 395 252 410 294 380 300 311 280 310 262 329 250 322 234 356 203 366 165 359 160 347
152 327 255 406 309 342 285 300 223 318 188 336 164 373 208 402 280 391 302 368 308 328 300 313 273 332 245 344 213 326 200 333 176 337 163 328
163 386 288 392 312 326 260 330 255 351 231 383 202 414 245 413 306 372 315 349 292 303 278 316 271 337 267 342 247 360 241 372 208 394 185 395
194 414 261 415 313 335 274 300 250 327 247 362 215 423 238 421 291 396 308 366 306 319 290 307 266 308 258 318 253 338 252 350 229 380 207 395
184 407 265 408 317 339 284 300 258 331 230 388 211 417 238 414 291 392 311 366 311 323 300 309 278 311 269 323 260 352 247 368 214 396 198 404
171 396 282 398 316 335 282 301 256 328 233 383 206 416 244 412 301 379 314 357 310 320 298 308 278 313 268 322 261 348 248 363 212 395 191 400
200 415 294 393 312 329 279 302 256 329 252 366 231 419 262 411 308 372 314 351 305 316 292 307 273 311 266 321 258 341 256 353 234 385 214 401
150 334 248 410 310 334 283 301 239 333 183 348 164 376 205 403 278 394 303 365 306 321 296 308 270 328 254 345 225 327 208 344 173 343 161 332
160 378 233 416 315 347 285 300 247 338 194 387 181 402 207 415 266 403 299 380 312 330 303 312 275 318 259 328 241 363 220 381 183 384 171 377
161 377 244 414 314 352 285 300 247 333 230 375 184 403 214 415 271 400 299 380 313 333 304 314 276 317 258 326 246 348 241 363 207 384 184 382
196 415 249 416 314 329 280 302 257 330 250 369 213 416 231 417 285 399 311 365 306 317 293 308 274 311 266 321 258 343 256 356 232 387 212 403
167 391 283 397 316 338 260 324 256 351 200 397 203 415 243 413 300 380 313 359 303 311 279 307 260 333 266 343 244 368 224 388 189 398 178 396
196 416 280 405 313 331 277 300 253 328 249 363 224 421 252 417 302 382 312 357 305 317 291 307 269 307 262 318 255 339 254 351 231 383 210 398
160 380 240 415 314 329 285 300 239 371 196 389 184 406 212 415 277 397 309 366 308 318 297 306 265 322 250 341 226 380 211 388 183 386 170 378
149 343 238 411 311 334 266 345 242 326 201 347 165 379 201 402 272 398 302 368 295 306 274 317 254 346 248 337 226 328 210 339 180 350 160 333
148 342 231 413 313 342 260 349 246 318 223 359 162 376 196 403 265 404 296 376 297 308 270 320 253 337 256 327 236 331 234 347 197 363 171 355
157 370 253 412 314 344 286 301 245 328 193 380 185 402 219 415 279 394 304 371 311 329 301 313 278 314 260 322 241 356 222 375 181 375 169 367
179 404 284 397 316 336 283 300 256 327 233 385 213 417 248 410 302 378 314 357 310 321 299 308 278 311 270 322 261 348 249 365 215 395 196 402
199 414 296 391 312 328 278 301 256 328 250 369 231 419 263 410 308 370 314 349 304 316 291 306 273 310 266 320 258 341 255 355 232 385 215 400
188 410 255 413 317 339 284 301 259 333 242 379 209 417 232 416 285 396 310 369 312 324 300 309 277 312 266 323 260 349 254 363 225 393 206 402
148 338 231 411 311 338 286 301 259 348 180 353 161 373 195 399 266 401 298 374 309 325 300 312 275 317 269 333 240 326 215 348 171 347 159 336
152 327 249 408 310 341 283 301 257 346 180 342 162 371 204 401 276 394 301 369 307 326 298 311 273 317 269 333 233 337 209 331 175 342 164 332
164 375 248 413 315 344 287 301 248 329 197 383 186 404 217 415 276 396 304 373 312 329 303 314 279 314 261 322 242 356 225 376 186 381 174 371
149 346 218 414 313 336 285 301 242 323 195 374 161 375 188 401 258 409 296 377 309 323 299 312 276 316 259 328 239 348 221 369 177 367 160 358
150 340 245 409 310 333 280 303 257 346 178 348 167 379 205 402 277 393 303 365 304 320 294 307 273 319 267 335 232 336 205 336 170 337 155 328
168 299 258 343 314 308 299 266 259 287 181 274 187 329 222 343 278 334 298 325 315 293 312 279 286 269 272 280 239 281 210 286 171 278 168 289
171 300 276 338 307 269 248 289 239 266 181 254 199 334 237 343 302 321 317 295 287 271 268 282 240 281 245 271 219 270 199 268 175 269 171 285
167 299 262 341 317 292 296 264 261 287 179 271 190 331 225 343 286 331 309 316 314 281 307 271 285 270 271 279 239 278 209 283 171 278 168 289
169 302 269 340 317 283 262 286 243 272 177 265 197 334 232 343 293 327 314 308 301 265 281 275 258 279 254 268 221 276 199 275 172 277 169 290
169 297 271 340 317 282 264 286 245 268 178 262 192 330 231 343 294 327 315 306 302 266 283 274 259 279 256 268 222 273 199 272 173 273 170 285
164 293 203 341 311 308 291 265 254 277 192 297 170 312 184 328 239 345 276 340 313 293 307 277 279 270 267 278 235 292 214 298 182 294 172 287
164 300 212 347 309 308 288 267 248 280 194 306 174 319 191 337 246 346 280 337 311 293 304 278 275 271 262 277 231 295 213 303 184 304 174 300
172 298 219 341 319 293 251 284 233 264 181 249 182 317 199 333 256 341 293 328 304 266 277 277 245 277 244 266 214 267 195 262 178 265 173 282
166 303 205 347 306 314 284 267 248 276 198 304 173 320 187 335 240 347 275 339 309 296 303 279 272 271 260 277 232 291 215 300 187 303 176 301
168 284 209 341 315 300 295 266 260 292 200 291 170 307 185 328 247 343 285 334 315 287 306 276 280 272 266 279 246 280 223 290 190 286 179 280
165 308 209 348 308 307 285 268 243 275 193 304 174 325 191 341 245 349 281 339 308 292 300 278 271 270 257 276 227 289 210 299 183 304 173 302
162 298 264 343 313 302 290 266 235 294 195 302 188 333 225 347 283 334 302 321 312 288 304 275 271 275 253 279 222 299 209 301 183 299 171 293
163 298 209 345 306 316 291 267 252 278 193 304 173 317 189 335 242 346 275 338 311 298 307 281 278 268 265 277 234 295 214 302 183 302 173 297
165 302 205 346 309 310 284 267 249 277 211 304 173 319 186 333 241 347 277 338 310 294 301 277 273 271 261 276 239 288 225 298 196 305 180 304
166 289 206 342 310 310 289 264 232 293 194 295 169 309 186 329 241 345 276 340 314 293 306 276 272 276 252 278 220 295 207 296 184 292 175 285
172 311 256 343 315 291 264 287 209 289 173 278 195 334 225 343 281 334 307 316 302 270 282 272 250 276 230 286 197 286 185 280 169 288 169 300
166 303 207 348 309 308 283 267 244 277 199 303 171 320 189 338 243 349 279 340 309 292 299 277 270 271 257 276 229 290 214 298 188 303 177 302
168 295 265 342 317 291 295 263 263 287 181 268 188 330 226 343 288 330 309 315 315 280 306 270 285 271 272 278 243 274 212 280 174 274 169 285
163 295 207 343 312 304 293 266 234 295 192 300 170 313 187 332 244 346 281 336 313 290 307 278 273 275 253 278 220 299 206 300 182 296 171 290
166 290 214 344 313 305 290 265 229 292 196 292 172 313 191 333 248 345 282 336 315 290 304 275 272 277 251 279 218 293 207 293 185 287 174 282
164 311 210 349 307 309 280 268 241 274 193 305 177 328 191 342 245 349 281 341 307 293 297 277 267 271 254 276 225 289 209 299 183 305 173 304
203 352 338 372 338 307 264 362 226 343 209 269 239 390 289 395 345 351 345 329 314 324 292 347 250 360 236 355 216 319 214 293 203 295 201 324
196 331 246 392 336 305 263 353 216 305 205 258 206 354 222 378 298 389 344 357 316 323 292 341 241 344 225 325 216 289 215 273 198 282 198 307
246 392 334 373 338 306 263 357 216 277 196 328 275 393 305 388 346 351 346 328 316 324 292 344 232 341 216 310 200 270 200 299 204 353 221 376
203 352 342 367 337 306 245 358 214 278 203 300 242 390 293 394 346 347 346 327 310 328 281 354 223 335 214 307 206 269 203 284 201 317 201 335
196 338 332 373 333 305 255 345 212 268 197 294 229 381 281 392 346 350 345 326 312 324 287 339 228 326 215 297 201 260 198 277 197 309 197 324
196 344 327 374 329 301 306 333 225 307 201 256 231 382 278 391 343 349 345 322 320 311 308 322 283 315 254 324 222 288 214 269 195 284 193 314
195 340 339 365 332 303 265 338 204 256 197 295 232 382 286 391 345 343 344 321 315 322 290 328 231 320 216 290 198 268 197 281 195 310 195 325
206 359 245 392 339 307 262 358 214 306 206 264 217 372 231 384 298 391 345 359 316 324 292 346 240 350 223 330 215 291 214 276 201 295 198 326
196 337 336 371 336 306 256 349 214 269 198 292 229 382 281 392 346 350 346 327 313 324 287 340 228 329 216 301 203 259 198 275 196 307 196 322
245 392 335 372 336 305 259 355 213 269 197 330 275 393 305 388 346 351 346 328 316 323 290 344 228 334 215 303 201 274 198 302 205 355 222 377
204 353 341 367 337 306 241 361 213 288 206 309 242 391 293 394 345 346 345 325 307 326 277 360 223 342 214 315 208 278 204 293 204 324 203 339
195 340 252 391 335 304 308 327 224 309 202 256 207 361 229 381 302 387 343 351 324 306 315 320 282 317 253 326 220 290 215 271 196 283 193 312
205 356 325 382 336 305 260 360 214 306 207 266 239 390 282 395 345 359 346 332 312 326 290 353 238 352 222 329 214 292 214 278 201 296 198 326
195 337 251 392 334 304 261 340 216 272 197 291 207 359 226 380 301 388 344 353 315 322 290 334 234 328 216 301 205 257 197 272 196 306 195 322
194 339 252 391 338 307 306 322 220 304 202 255 207 362 228 380 301 388 342 355 326 303 319 317 276 325 246 325 220 286 213 269 196 282 193 311
208 362 245 392 336 305 263 358 214 308 207 263 218 374 231 384 298 391 346 357 317 323 292 346 241 349 224 331 216 292 214 276 200 295 198 328
202 350 342 366 336 306 243 360 215 317 211 272 242 390 293 394 345 346 345 325 310 328 278 356 228 348 220 334 214 302 213 287 204 296 203 323
196 340 250 392 336 306 265 344 217 306 201 258 208 360 227 380 300 390 344 356 318 322 293 334 246 339 230 325 216 288 215 270 198 285 195 313
204 348 253 395 344 317 304 323 270 364 210 312 216 368 230 386 300 394 343 365 334 304 322 318 297 338 284 352 242 362 222 340 204 323 204 336
195 340 257 392 339 311 311 322 216 306 202 257 209 363 231 382 303 388 343 357 330 302 323 313 279 328 245 329 217 288 215 270 196 284 193 312
192 309 232 350 303 305 266 288 221 311 193 279 199 325 214 340 261 351 290 335 296 283 276 272 255 292 240 307 207 304 199 291 192 289 190 298
206 332 252 349 303 307 265 296 216 302 194 277 219 342 235 348 273 344 294 329 297 285 276 272 250 294 234 304 207 294 202 285 193 296 196 315
196 274 227 342 304 309 273 274 265 300 231 292 198 299 206 323 256 343 284 335 300 291 290 275 265 281 269 291 260 287 245 287 218 288 205 278
197 283 232 342 304 307 276 270 267 296 221 286 200 306 211 327 259 342 286 331 303 291 291 278 267 279 269 286 255 288 239 286 210 278 198 271
192 313 287 338 290 275 263 309 221 310 193 278 218 342 251 351 301 317 302 296 271 276 268 291 260 291 242 305 208 303 200 290 192 290 191 301
198 278 231 341 303 302 273 272 265 296 221 284 199 301 209 323 259 342 287 330 299 288 287 273 266 281 273 285 250 294 238 286 210 277 201 269
197 274 227 341 304 309 273 273 263 299 238 288 198 298 207 322 255 343 283 334 300 292 291 276 265 280 268 290 259 287 247 287 222 288 207 280
193 281 208 334 303 312 279 270 261 295 232 303 194 299 197 317 241 348 276 342 302 296 294 281 270 278 267 288 253 292 243 300 214 298 202 284
194 278 211 336 302 316 281 269 266 294 220 301 195 298 199 318 242 347 275 342 303 298 295 283 272 276 267 284 252 291 236 301 209 293 203 283
203 333 236 351 303 303 286 272 214 311 194 279 213 340 224 346 265 350 292 332 301 292 295 282 261 284 242 307 203 302 200 290 190 297 194 316
192 278 209 337 301 319 273 275 265 310 212 304 192 298 195 319 240 350 273 345 302 299 293 278 265 284 267 297 255 291 235 307 204 296 200 284
196 274 222 340 299 319 284 270 264 284 227 294 198 298 205 322 248 345 274 340 301 302 294 287 275 271 270 278 255 284 241 291 215 288 204 279
192 279 209 336 303 307 274 274 264 309 214 304 192 299 196 319 245 349 281 341 300 291 290 275 266 284 266 297 257 290 236 306 205 294 200 284
195 278 218 340 297 323 280 268 264 289 228 298 197 300 202 322 244 345 271 342 301 303 297 285 274 274 265 280 255 287 242 295 215 293 203 280
194 283 214 338 296 325 278 269 264 294 219 299 196 301 201 320 241 346 269 344 302 303 296 283 270 278 266 285 251 291 235 299 208 290 201 279
196 275 220 340 299 320 283 270 264 285 231 296 198 298 203 322 245 345 273 341 301 303 297 286 274 271 269 278 257 287 244 292 218 292 204 282
213 312 271 351 312 263 308 283 287 300 241 318 225 332 247 347 308 332 329 299 304 274 296 289 305 297 296 308 275 299 259 313 231 318 221 313
212 283 252 345 328 294 311 264 297 301 241 300 215 307 228 329 284 346 313 327 326 283 321 273 304 275 298 290 279 298 262 296 230 295 221 285
216 312 284 348 311 263 302 291 290 308 247 318 230 336 256 348 316 325 329 293 305 271 295 283 311 287 301 299 282 295 267 308 236 319 225 316
209 313 279 350 331 294 308 263 284 286 233 320 226 336 252 350 302 337 321 317 328 283 321 272 304 272 294 282 271 303 253 317 224 320 216 314
217 311 279 349 310 263 300 291 283 304 246 317 231 335 254 347 313 327 328 295 305 271 296 283 311 291 298 308 277 296 263 311 236 318 226 314
218 276 286 344 325 300 307 265 297 299 258 286 224 311 250 340 303 335 319 319 325 287 320 276 304 276 298 286 281 304 266 300 245 287 230 281
212 284 250 345 329 296 311 264 299 301 238 303 215 308 227 328 281 347 312 328 326 284 320 274 304 276 298 291 282 297 260 298 227 297 221 287
211 311 275 351 313 264 308 284 286 299 241 319 225 336 248 348 309 332 330 299 304 274 296 289 304 296 296 307 275 299 259 313 231 319 220 313
216 278 291 344 327 293 310 265 271 309 240 290 222 315 253 342 310 330 322 311 326 283 320 274 296 284 291 302 264 298 255 292 231 286 224 278
212 282 289 345 328 292 313 266 279 306 260 294 220 318 252 344 308 332 321 313 326 283 321 275 298 282 294 302 272 309 267 302 242 297 224 286
212 289 250 345 328 294 302 289 290 307 235 309 216 310 228 330 281 347 313 327 318 271 303 277 309 292 299 301 278 293 257 306 226 302 220 293
212 288 251 346 329 297 300 291 289 308 237 307 216 311 230 331 282 347 312 328 319 273 305 273 306 294 298 303 277 299 258 302 225 298 219 287
210 310 278 350 310 263 308 283 286 298 239 320 226 336 250 348 312 330 330 295 303 276 296 289 303 297 294 307 274 299 258 314 229 319 219 313
212 297 251 346 328 296 312 265 294 306 234 312 219 316 232 334 282 347 313 328 326 285 321 274 304 276 296 294 281 297 259 309 223 305 218 295
213 287 293 343 327 291 309 264 298 297 261 292 224 322 257 346 310 330 321 311 325 281 319 273 305 274 298 286 283 301 268 307 241 293 223 279
209 311 280 350 310 263 307 282 287 297 239 320 226 336 251 350 314 329 330 294 303 276 295 288 302 297 293 308 276 296 258 314 228 320 218 313
213 300 289 345 309 263 307 284 282 305 239 315 227 329 257 347 320 321 328 289 304 276 298 291 301 297 294 307 273 298 258 312 228 312 220 303
216 278 289 343 326 295 308 265 297 300 257 289 224 314 253 341 307 333 320 314 325 283 319 273 304 275 299 287 282 304 266 300 242 289 228 282
211 316 252 350 331 296 307 263 283 282 245 321 220 332 235 343 283 349 313 328 328 282 319 271 304 272 295 281 276 298 261 313 233 322 221 321
212 292 292 344 327 285 306 267 272 309 238 294 224 325 257 346 311 329 325 307 322 277 314 268 299 286 291 302 265 298 253 295 225 284 214 279
214 284 295 342 327 290 309 264 272 311 238 290 224 320 257 344 314 326 323 308 324 281 319 272 296 284 293 302 265 298 253 292 227 284 218 275
217 308 280 349 312 264 303 289 291 309 275 299 228 331 253 346 312 329 328 295 305 270 295 285 311 289 299 301 285 307 284 297 255 315 234 316
216 285 251 335 343 280 320 256 291 277 245 288 221 303 232 321 288 332 325 314 340 269 331 259 312 265 298 272 282 275 265 286 234 283 224 278
215 300 251 336 341 287 322 257 288 270 269 294 224 315 235 328 285 334 320 319 341 275 334 263 312 264 301 272 285 276 280 287 250 299 231 297
220 309 261 337 339 279 320 258 288 271 267 304 230 323 244 336 293 331 327 313 336 271 330 264 309 262 301 273 286 283 279 295 250 309 233 308
218 302 254 337 337 299 320 258 288 270 272 294 225 317 238 331 283 334 312 322 339 282 334 266 311 264 301 273 285 276 281 286 253 300 234 300
216 289 251 334 343 286 323 256 290 274 245 287 223 307 236 324 285 333 319 318 342 274 335 262 314 263 300 274 281 277 264 286 232 280 220 277
217 300 254 337 341 287 319 258 288 270 269 295 224 317 238 330 287 333 321 317 340 274 332 263 311 265 301 273 285 277 280 287 252 300 234 299
216 290 249 335 341 290 320 256 296 279 263 291 220 308 231 324 283 333 317 320 342 275 334 261 311 263 302 274 288 285 277 286 247 292 230 291
216 287 256 335 338 265 289 271 283 294 247 287 224 308 236 326 296 329 335 305 318 255 308 271 297 278 294 289 283 278 266 286 234 281 222 275
216 300 251 336 341 287 320 257 288 270 272 293 224 315 235 328 285 334 320 318 340 274 333 262 310 264 301 273 285 276 282 285 253 299 234 299
221 307 258 337 339 283 318 258 287 270 271 303 228 321 241 335 291 332 324 315 337 274 329 264 309 263 300 273 286 281 281 292 254 308 237 310
216 289 252 335 343 280 320 256 303 272 243 289 223 307 235 324 288 332 324 315 340 269 331 259 312 258 312 267 288 282 267 287 231 284 221 279
219 301 254 337 337 299 320 258 287 270 273 294 224 316 238 330 283 334 312 322 339 283 336 267 310 263 301 273 285 278 281 287 255 301 237 302
220 304 258 337 339 283 319 258 287 270 273 300 228 320 241 334 291 333 324 316 338 272 331 263 310 263 300 273 287 280 281 290 255 306 237 307
214 293 250 335 338 300 321 256 268 290 241 292 221 310 233 325 280 334 311 322 341 283 338 266 306 271 289 282 259 292 250 292 232 292 222 288
216 285 249 335 343 286 320 256 294 276 245 290 221 304 232 322 285 333 321 319 342 273 334 261 312 264 300 272 283 278 265 288 235 289 225 281
216 286 249 335 340 296 320 256 293 280 245 291 220 304 230 320 281 334 313 322 341 280 337 264 312 264 300 272 283 279 264 290 235 290 225 283
219 302 258 337 337 299 318 258 287 270 269 299 226 318 240 333 286 334 314 321 339 283 336 267 310 265 300 273 286 280 280 291 252 304 235 304
214 297 253 336 341 280 318 256 285 269 267 292 222 313 236 329 289 333 325 316 339 268 330 260 310 265 299 272 284 276 278 286 248 295 229 293
214 295 250 336 341 287 321 256 302 273 265 292 222 311 234 326 285 334 320 319 341 274 334 262 314 258 311 267 291 273 281 282 247 293 229 291
214 298 252 336 341 283 319 256 287 270 268 293 223 313 236 328 287 334 323 316 340 272 331 260 310 264 300 273 284 276 279 287 249 297 230 295
216 285 249 335 340 298 324 256 304 272 245 290 220 303 230 320 281 334 313 322 342 282 338 267 315 257 312 265 289 281 269 287 235 289 225 281
220 308 267 337 339 279 317 258 300 273 265 305 231 324 248 336 298 329 330 310 336 270 327 262 310 260 309 268 288 275 281 292 249 309 233 307
222 310 266 337 338 283 316 257 284 271 271 304 232 326 248 336 296 330 327 313 336 273 327 264 308 265 296 272 284 282 279 293 254 310 237 311
220 306 310 323 339 283 316 257 288 271 245 309 242 335 276 332 326 314 336 299 338 271 328 261 308 264 299 272 282 290 265 304 236 308 227 305
216 289 248 335 340 297 320 256 286 283 264 291 220 307 231 322 280 334 312 322 341 280 337 264 309 267 293 272 281 281 273 288 247 292 230 290
216 284 244 334 342 291 321 256 303 272 244 290 220 302 229 319 280 334 316 320 342 276 337 261 312 259 312 268 286 280 265 288 234 288 225 280
216 287 249 335 340 296 320 256 290 283 263 291 220 305 231 322 281 334 313 322 341 280 337 264 309 267 295 271 283 279 273 287 247 291 231 289
174 326 281 374 330 313 314 285 248 352 215 352 197 367 239 377 305 359 319 337 328 302 321 294 292 305 272 327 237 355 226 355 199 341 188 326
174 329 275 376 330 312 312 286 250 353 217 355 197 367 236 378 301 361 318 338 327 301 320 293 292 307 272 330 239 357 228 358 202 345 187 329
176 328 275 376 314 349 315 289 247 357 215 356 195 366 235 377 289 368 302 359 322 327 330 306 291 309 273 332 237 359 226 359 202 346 189 332
176 307 212 373 301 366 314 285 292 314 232 344 180 330 192 354 241 377 271 374 321 339 329 311 308 296 296 303 271 320 253 337 210 336 192 317
176 308 209 372 294 368 313 285 243 345 209 336 178 331 190 354 237 377 265 374 320 343 329 313 294 307 271 323 232 345 221 344 196 325 188 314
176 312 210 373 318 347 313 285 241 347 208 339 178 334 190 356 247 377 284 370 321 325 329 303 293 306 269 324 230 347 219 345 197 328 187 316
176 305 215 373 329 307 301 307 308 318 225 343 181 329 193 354 262 375 310 355 320 290 308 294 313 301 316 310 281 317 253 336 206 330 191 312
174 326 284 372 330 314 313 285 245 351 212 347 198 368 241 377 306 360 323 337 329 303 322 292 292 304 273 324 234 351 223 351 197 334 185 318
207 308 313 332 322 272 277 306 234 305 212 261 239 337 276 340 333 314 337 291 306 281 291 288 263 310 249 310 223 289 219 273 206 275 207 292
204 269 255 341 333 315 322 267 295 286 241 285 204 299 225 325 282 338 309 330 339 297 336 279 311 271 302 282 284 299 265 289 229 271 220 255
205 302 251 340 331 276 295 288 239 299 215 258 216 319 233 334 291 337 332 317 318 270 306 280 281 291 260 301 226 287 219 272 206 271 205 287
210 307 307 337 331 291 309 275 252 330 225 316 237 336 272 341 324 325 332 309 326 283 317 277 288 291 277 314 243 327 234 323 218 305 212 295
211 300 247 338 331 299 313 276 253 330 225 317 215 316 230 329 281 341 315 333 329 290 322 281 291 288 279 313 244 328 235 324 218 308 214 299
204 269 250 340 336 310 325 269 296 286 237 292 204 297 222 324 279 339 309 331 339 295 336 281 315 268 307 278 277 286 258 293 223 276 218 258
204 270 245 340 338 306 322 268 297 288 228 288 204 296 220 322 278 339 311 331 339 292 335 277 312 271 305 282 276 288 252 293 222 273 217 258
236 335 315 331 316 274 281 311 235 318 211 268 259 340 287 339 333 312 332 291 303 284 290 294 266 321 250 322 222 303 216 285 210 292 215 316
204 268 258 341 340 301 317 267 291 297 241 286 204 299 227 327 288 339 318 329 340 286 332 272 309 276 297 285 280 291 260 289 229 272 219 256
209 306 315 331 319 275 281 310 244 321 210 267 237 335 275 340 334 313 334 293 305 282 290 293 269 319 257 322 226 307 218 286 210 280 209 293
204 270 254 341 334 315 298 282 287 299 246 288 204 299 225 325 281 338 307 331 340 288 321 267 295 286 297 296 275 290 261 288 232 274 221 256
211 311 307 336 330 288 305 278 254 328 214 287 238 336 272 341 325 325 333 307 323 279 314 276 288 294 276 314 235 322 219 306 212 292 211 302
205 302 251 341 332 276 296 285 231 295 216 258 217 320 233 333 292 336 333 315 320 270 308 277 278 291 255 299 223 283 221 270 206 270 205 286
207 307 322 327 319 272 278 309 238 311 213 260 241 338 281 339 336 307 335 286 304 283 290 292 265 313 252 313 224 297 217 278 208 274 208 291
208 310 318 328 325 272 273 305 236 302 216 259 241 338 279 339 335 311 337 290 307 280 290 289 262 308 249 307 224 289 220 274 206 273 206 292
204 269 254 341 336 310 321 268 245 292 226 267 204 299 225 327 282 338 310 330 339 294 336 278 298 283 272 290 235 288 229 278 221 258 211 260
208 306 311 334 321 274 281 309 235 314 212 262 235 335 273 340 332 315 336 292 306 281 290 291 266 317 251 318 223 299 218 280 208 275 209 291
204 274 241 338 339 305 321 269 240 296 221 272 205 297 217 320 275 340 309 332 339 292 334 278 296 286 270 296 230 292 225 283 217 262 209 264
206 306 254 341 325 271 296 292 227 294 216 258 219 323 235 335 295 336 335 312 312 272 301 284 276 298 251 303 221 283 220 270 206 272 205 289
205 301 253 341 325 272 296 291 244 304 212 261 216 320 233 334 295 337 335 312 312 272 300 284 282 293 264 306 228 293 218 275 206 272 206 287
204 269 256 341 340 301 322 268 247 291 223 267 204 299 226 327 286 337 317 329 340 289 335 276 299 282 274 286 236 289 230 278 221 257 211 260
207 307 314 331 323 274 281 306 234 309 210 261 238 337 276 340 332 314 336 292 307 279 291 288 266 314 250 314 222 293 218 276 209 276 208 292
212 311 312 333 326 281 299 286 253 327 214 280 240 337 276 341 329 319 333 300 316 276 306 278 289 300 272 318 232 319 217 301 213 290 211 301
207 303 314 332 322 274 279 309 235 312 212 262 235 335 274 340 334 313 335 291 307 280 290 291 264 316 249 316 223 296 218 278 208 274 209 289
204 271 246 340 339 306 324 269 239 296 222 270 205 297 220 322 278 339 310 331 339 293 335 279 298 286 269 293 230 291 226 280 219 261 210 261
232 332 306 336 323 278 281 311 245 324 210 276 256 339 281 340 328 320 333 298 306 278 289 292 269 320 257 324 224 310 216 289 210 296 215 315
208 264 238 336 335 304 318 274 244 319 220 295 210 290 215 316 273 340 309 335 334 292 329 280 294 290 274 315 235 315 226 306 218 283 215 271
204 269 255 341 339 299 298 282 281 288 242 288 204 299 226 327 286 337 318 327 335 277 315 268 290 277 284 277 268 289 255 291 227 274 221 256
207 309 314 331 325 273 276 305 233 302 213 258 239 338 276 340 333 314 337 292 308 278 290 286 262 309 248 309 223 288 219 272 206 275 206 292
206 268 246 340 337 303 323 272 239 310 220 281 206 296 219 322 279 340 312 331 337 292 333 281 295 286 271 310 229 302 223 292 216 270 213 260
211 309 311 334 324 279 281 310 252 326 212 278 239 337 275 341 330 318 333 299 305 278 289 291 272 318 262 323 231 318 217 298 212 287 210 298
176 306 253 384 340 297 320 313 289 310 254 330 183 343 216 371 297 375 338 342 327 292 322 306 320 323 300 327 290 331 276 325 226 326 198 308
178 336 248 385 306 344 291 313 256 339 177 301 196 360 222 376 283 380 319 362 326 338 306 330 285 323 271 330 229 336 202 319 176 313 176 324
176 302 255 385 333 333 289 311 283 330 224 330 181 341 216 372 286 378 318 365 323 323 300 329 284 320 290 331 266 330 245 333 207 320 190 304
176 306 246 383 331 290 291 312 274 348 227 322 182 340 211 369 296 375 341 339 323 312 307 328 292 328 279 336 278 327 254 326 208 312 189 296
120 238 155 349 279 354 271 220 195 274 153 215 121 275 129 312 196 362 237 362 338 312 335 248 258 248 228 271 173 260 157 238 142 208 128 224
122 235 163 353 283 352 281 223 216 272 159 237 124 275 134 315 203 363 243 361 338 309 336 250 267 238 243 260 196 270 176 258 156 213 139 212
122 298 258 358 272 232 261 295 170 242 124 234 157 343 207 363 326 321 337 253 275 271 298 277 251 258 211 256 160 214 140 209 126 255 125 277
127 310 255 358 346 275 274 269 219 265 153 201 165 350 210 363 294 343 332 315 315 234 271 229 257 262 241 253 188 256 162 232 124 233 126 272
126 301 270 354 274 240 269 294 182 244 139 208 165 349 217 363 331 312 335 249 269 267 293 279 255 270 222 259 172 226 157 206 126 238 126 270
121 238 159 351 283 353 273 219 195 272 154 216 122 276 132 314 200 362 241 361 340 308 333 247 258 245 228 270 174 258 159 238 145 208 129 223
122 233 169 356 288 349 278 221 194 267 156 215 124 275 134 317 208 363 248 361 339 306 334 249 258 243 227 266 175 254 160 236 148 205 130 216
126 310 265 355 268 236 256 291 177 245 127 227 168 350 216 363 332 315 335 248 277 270 292 279 253 260 215 256 163 219 146 204 126 255 123 283
122 237 178 358 344 294 275 224 216 267 156 210 124 279 136 322 237 362 297 343 340 259 310 232 261 243 241 256 188 260 163 238 145 207 130 220
123 301 257 357 276 227 259 296 168 242 125 230 159 344 207 363 324 323 338 257 276 271 286 278 253 259 212 259 160 216 143 207 125 254 125 278
124 295 265 356 281 233 294 270 251 259 154 197 157 344 211 363 326 319 340 257 265 250 274 270 276 284 254 286 211 253 172 237 127 226 126 261
122 237 247 362 344 294 277 222 217 268 156 213 127 303 180 359 283 348 320 329 341 260 312 233 264 240 242 256 189 262 163 241 147 205 131 220
177 286 200 370 352 326 321 273 296 308 212 321 177 315 180 341 256 389 313 376 350 307 337 287 303 286 285 291 268 306 241 320 198 310 189 293
189 352 249 387 352 324 287 291 281 317 180 282 207 369 228 380 290 385 331 362 339 292 311 276 288 303 289 314 253 320 219 304 178 304 184 327
184 348 290 386 342 359 314 273 277 289 231 342 210 382 250 391 307 381 324 372 352 327 344 296 302 280 291 287 268 311 251 329 214 342 198 340
178 284 251 388 352 325 286 286 278 299 255 317 183 326 205 368 291 385 331 365 341 294 313 274 288 302 285 314 273 309 267 321 233 312 204 299
177 284 208 374 352 324 286 289 271 300 221 316 180 315 184 346 262 389 316 374 341 293 313 273 292 308 285 308 263 317 241 317 203 308 192 290
178 339 274 390 355 321 315 273 280 289 186 308 201 373 237 388 308 379 342 356 348 302 335 284 304 282 292 287 254 325 217 331 178 314 178 326
177 291 202 373 340 358 319 273 280 291 206 325 177 319 181 347 248 389 294 384 354 328 345 297 307 280 294 289 260 317 232 326 193 311 186 296
179 333 234 389 354 327 316 273 278 288 239 337 187 358 209 378 280 387 326 370 349 307 337 286 304 280 292 287 273 306 257 323 218 336 196 329
182 333 233 390 345 355 315 273 280 286 229 342 188 358 207 380 270 389 307 381 354 326 343 296 303 280 292 287 271 308 251 330 212 340 194 337
187 365 279 390 354 314 314 273 277 289 208 344 216 386 247 390 315 377 347 351 345 297 331 280 302 278 289 287 264 318 238 338 197 346 193 357
177 285 255 389 352 324 289 285 277 301 249 311 182 330 209 373 294 385 333 362 341 295 315 273 289 301 286 310 271 309 260 319 225 314 200 297
193 355 296 383 349 340 285 289 288 321 182 278 226 379 261 387 316 373 336 358 346 303 317 273 294 302 297 316 256 327 221 301 179 303 185 328
177 335 254 391 355 325 314 273 280 288 207 331 192 366 222 385 295 383 333 365 349 305 335 285 304 281 292 287 265 317 235 333 193 323 180 320
177 294 201 374 333 365 319 273 280 290 203 325 178 321 182 348 245 389 289 386 353 333 347 300 305 280 293 287 261 318 232 328 191 313 184 300
180 331 241 391 354 331 315 274 278 289 234 339 188 358 212 381 284 387 326 371 350 309 337 288 303 280 290 287 270 310 252 327 217 337 199 335
177 284 242 388 352 314 285 290 301 327 214 319 179 326 199 368 288 387 335 360 337 287 309 278 295 303 300 316 278 301 249 315 199 308 190 292
186 350 281 389 353 317 314 273 279 285 233 341 207 381 244 389 315 377 346 352 347 299 332 281 302 278 290 287 273 308 254 326 217 342 199 340
177 287 199 369 350 340 321 273 285 288 209 324 178 315 180 343 251 389 304 380 352 316 341 292 310 277 299 287 266 309 238 324 195 310 187 294
171 331 303 404 374 345 317 294 242 332 178 298 206 377 254 401 333 394 361 376 368 319 344 301 290 294 270 311 217 334 191 324 172 302 170 316
171 330 245 400 374 343 318 295 279 298 194 330 193 358 215 385 295 405 345 390 366 318 343 301 304 296 290 295 254 327 224 336 179 308 172 307
210 374 305 397 375 335 301 294 270 297 183 262 241 389 273 397 335 387 364 366 361 307 331 292 293 300 284 307 237 304 203 294 174 299 182 338
174 340 228 389 371 362 370 319 284 290 179 278 192 357 210 374 277 401 326 395 375 348 375 334 343 300 314 292 246 319 204 316 173 298 172 318
172 334 278 409 372 357 366 318 274 292 248 329 198 372 237 400 312 406 346 390 373 344 371 331 336 302 305 298 268 305 261 318 221 340 194 339
172 338 308 402 375 340 317 293 240 330 178 287 212 381 260 401 338 390 367 370 366 316 342 301 289 293 268 312 214 329 189 313 172 304 170 320
174 334 230 389 376 339 320 292 279 296 178 276 189 354 210 373 285 401 340 387 368 315 345 300 306 294 292 294 240 317 201 311 175 295 172 314
174 326 277 409 373 356 359 312 279 291 214 340 193 366 234 399 312 404 347 390 373 342 370 327 332 300 305 296 263 315 240 333 200 340 186 333
211 375 319 392 375 339 287 291 279 299 184 261 247 390 283 396 342 381 363 363 360 303 323 290 299 313 282 325 245 301 208 294 175 298 184 338
173 326 276 408 372 358 359 312 278 293 217 340 193 365 233 398 310 404 345 391 373 343 370 327 332 300 305 296 265 316 242 334 201 339 185 331
175 334 275 401 376 345 323 292 280 294 180 274 203 367 239 392 313 398 351 379 372 320 349 301 309 293 295 294 243 315 205 310 174 294 172 313
215 377 318 392 375 338 285 290 276 299 184 260 249 390 283 395 342 380 364 362 359 304 322 290 299 313 283 326 244 300 208 291 176 299 185 339
210 374 296 399 371 358 290 314 207 300 179 268 238 389 267 397 322 392 348 381 365 312 319 292 268 298 238 306 196 286 190 271 174 305 182 340
170 332 266 403 369 366 370 320 286 291 179 284 198 363 230 390 301 402 336 390 375 351 375 336 343 300 315 292 248 321 205 321 173 299 170 315
176 345 226 388 373 358 367 315 284 290 181 281 193 358 210 375 277 403 328 395 375 344 375 330 340 299 312 293 247 319 206 319 172 300 170 322
212 375 263 396 375 343 290 294 282 325 184 261 229 383 246 391 304 396 345 380 363 306 326 291 297 310 296 324 261 302 216 298 175 299 183 338
176 334 241 392 377 339 325 292 282 292 182 271 195 357 216 377 292 401 344 385 370 317 348 300 311 292 297 294 247 313 207 307 174 292 172 312
210 374 303 398 376 337 289 317 212 303 181 265 241 391 272 398 334 390 363 369 350 301 310 292 274 298 243 308 197 292 191 277 174 301 181 338
172 338 307 403 375 340 317 294 236 333 176 291 211 381 258 402 337 392 366 371 366 316 342 301 288 293 266 314 211 331 187 316 172 307 170 322
170 314 242 400 373 355 362 313 284 292 189 328 181 348 207 379 289 405 336 394 373 341 371 327 337 300 311 295 258 324 224 336 180 315 176 301
172 317 246 394 374 327 287 292 306 332 183 270 186 347 214 376 299 400 352 378 350 301 319 292 293 307 291 324 274 298 221 311 176 284 174 301
171 316 285 407 374 349 356 308 282 291 194 333 195 362 237 398 319 401 354 383 374 335 368 321 332 300 307 296 259 324 227 338 181 322 178 308
210 375 304 397 370 316 298 326 275 297 182 261 241 389 272 397 340 384 372 353 336 294 299 293 284 329 281 313 239 302 203 293 175 299 181 337
172 323 284 407 374 349 356 309 280 292 198 336 195 366 238 399 319 402 353 384 374 335 367 321 331 299 306 296 261 323 230 337 184 328 178 314
210 374 293 400 376 343 290 294 277 299 182 267 237 390 265 398 325 392 357 374 362 309 326 292 293 312 283 318 241 310 205 302 174 302 179 338
147 352 237 401 319 306 267 312 244 319 151 284 170 386 203 401 279 386 318 349 299 288 289 307 275 332 254 338 206 331 168 321 145 306 144 328
137 325 184 402 328 345 297 290 204 364 163 354 141 353 157 382 234 406 285 387 328 324 317 304 265 310 240 340 191 365 177 363 153 339 146 324
136 342 216 407 328 356 293 292 203 370 163 364 150 376 181 400 255 401 294 386 329 332 318 309 261 311 239 344 190 372 177 372 152 352 143 339
136 328 222 407 325 355 296 291 203 366 162 356 146 367 181 400 257 399 292 382 329 331 320 307 264 311 238 343 189 367 175 365 152 342 145 327
138 331 242 404 326 344 275 331 252 321 197 356 153 376 197 404 272 390 301 373 314 301 275 305 272 342 263 331 236 336 217 346 167 345 148 315
141 340 257 398 309 293 263 336 242 324 150 299 165 385 210 405 299 373 326 334 286 300 265 321 253 342 255 328 206 344 169 336 144 309 142 325
138 332 203 405 325 346 274 340 198 352 156 328 148 363 171 391 245 402 287 384 315 302 277 305 253 322 226 339 183 351 168 342 150 309 142 314
136 332 216 407 328 353 294 291 205 366 165 362 147 369 179 400 254 400 293 382 329 329 318 305 263 310 240 342 192 369 179 368 153 347 145 332
190 398 242 401 308 293 267 312 232 328 152 281 207 401 224 401 286 379 321 338 295 295 285 311 269 337 250 326 207 328 169 318 144 322 154 365
148 350 245 400 313 298 264 312 231 317 153 281 171 386 208 401 287 379 319 340 296 294 285 312 274 329 251 330 198 326 165 310 148 304 145 326
145 321 200 400 307 292 261 312 257 338 156 278 151 351 169 382 259 394 315 350 296 300 281 313 270 322 270 330 222 319 180 316 150 291 149 306
136 336 218 407 323 362 293 292 207 368 167 366 149 372 181 400 253 402 289 385 329 335 320 309 262 311 240 343 194 371 181 371 153 351 144 336
146 356 218 405 298 288 283 325 250 323 149 294 164 382 190 399 276 386 324 340 282 307 265 321 272 337 256 342 212 337 171 334 142 314 141 334
137 326 188 403 327 347 258 317 255 323 194 362 142 355 159 384 236 405 285 388 324 312 290 290 274 323 272 329 237 338 216 354 169 354 149 328
144 350 263 396 326 321 281 330 246 319 149 290 175 391 219 404 292 375 318 351 302 289 274 311 267 338 254 338 207 336 168 327 144 309 142 329
140 331 250 401 327 327 273 332 241 327 190 350 158 378 203 405 282 384 315 359 308 293 277 307 267 340 254 326 224 337 207 347 159 329 146 300
138 321 194 404 326 348 260 316 251 321 199 358 143 353 162 386 239 404 285 388 324 313 292 289 276 323 268 329 237 337 218 349 172 352 151 327
145 352 267 394 312 297 265 317 256 341 149 287 178 393 222 403 303 368 324 333 293 291 283 310 275 325 270 336 222 325 175 330 144 308 143 329
168 289 291 384 332 302 295 331 258 343 214 330 182 346 234 384 322 365 340 333 310 291 293 311 282 334 267 330 257 326 236 334 192 304 180 276
164 289 242 395 347 323 277 304 246 352 201 347 170 333 198 375 285 388 328 365 331 298 305 296 272 321 262 337 231 352 216 352 182 320 176 292
168 281 284 386 337 311 297 331 269 316 229 338 178 338 225 382 314 372 338 342 316 290 295 306 290 331 276 330 263 332 248 332 198 320 183 289
166 285 240 390 318 290 302 318 255 351 217 344 170 327 197 370 295 383 341 341 304 299 290 310 281 342 268 322 250 341 234 347 189 320 178 289
164 293 231 396 347 323 277 301 207 360 176 322 169 332 191 372 279 394 326 370 330 297 304 295 266 332 239 354 193 350 181 337 173 306 172 289
166 287 243 392 316 290 308 319 275 320 223 348 172 331 200 373 297 382 342 339 302 302 290 315 292 332 282 337 259 339 249 344 190 327 178 293
164 287 227 394 347 328 277 304 221 358 181 329 166 327 188 367 274 392 321 372 333 300 305 294 268 329 247 350 206 354 191 344 176 308 174 287
164 290 235 396 347 336 276 305 217 360 179 329 168 332 192 372 277 393 319 374 337 304 305 294 267 331 244 352 203 355 188 344 174 309 172 289
169 281 287 384 338 314 292 332 256 340 228 330 179 338 229 380 315 370 338 343 318 290 297 307 278 332 265 332 262 325 246 324 201 313 185 284
197 368 280 387 320 292 295 320 256 338 176 271 224 381 252 389 319 368 341 330 308 295 294 308 285 336 268 316 222 341 190 310 168 302 174 335
164 287 240 395 347 325 276 305 231 355 188 336 169 331 196 375 282 388 326 367 330 298 302 298 270 326 253 346 216 354 201 349 178 313 174 290
166 284 238 392 319 291 308 319 279 324 210 347 171 328 195 370 294 384 343 342 300 303 288 317 296 329 285 338 257 341 240 349 187 324 178 296
165 288 235 392 317 290 294 337 276 320 204 345 170 329 193 370 293 384 343 341 286 306 299 323 284 336 274 329 256 342 234 351 184 320 176 292
188 360 270 390 314 290 299 318 254 347 175 272 215 379 242 389 315 372 341 329 304 301 289 310 284 341 269 318 223 344 188 312 166 300 172 330
165 320 223 394 346 315 275 302 198 360 171 308 175 348 195 376 276 395 329 367 325 294 300 298 263 336 233 357 183 344 174 326 171 289 165 302
167 290 202 361 329 332 304 274 268 286 227 339 169 314 181 338 245 369 289 358 332 311 325 290 292 279 280 284 262 306 246 327 202 332 180 308
169 311 238 369 329 334 304 274 269 286 227 340 181 340 208 364 269 365 300 356 332 312 325 290 293 278 281 283 261 307 246 328 206 337 185 320
166 276 214 364 331 319 271 292 271 320 222 321 167 307 185 338 256 367 298 353 325 287 297 274 287 295 285 309 265 300 244 312 197 311 178 286
166 274 218 364 331 316 280 308 250 319 215 311 171 307 188 338 259 367 300 351 320 283 289 279 266 309 258 308 249 302 232 307 192 299 178 276
166 293 307 350 305 272 267 291 269 301 216 331 192 350 249 369 331 326 331 298 291 279 276 284 293 301 275 319 252 314 238 327 192 316 175 292
168 268 236 367 331 298 293 294 242 315 205 296 174 307 197 346 276 362 316 339 316 273 293 277 279 304 259 314 245 295 227 296 189 282 181 264
166 305 220 366 311 274 269 291 270 319 219 325 178 329 196 352 276 362 329 327 296 275 280 285 286 294 286 309 264 300 243 317 187 305 169 272
167 269 242 367 328 288 295 300 246 287 200 290 174 309 202 349 283 358 323 330 308 270 287 281 271 309 243 315 231 290 216 294 190 275 177 260
167 275 220 366 330 321 276 292 263 300 217 314 168 308 188 341 259 367 298 353 325 292 304 270 287 303 270 315 248 303 233 310 193 303 177 278
173 324 257 368 333 321 308 276 271 284 221 347 193 354 225 367 286 362 316 350 331 305 325 288 296 278 284 280 261 308 244 332 204 344 187 334
168 296 226 367 331 311 284 303 252 318 177 268 178 323 198 350 266 366 306 347 318 280 289 279 271 312 257 308 233 304 199 300 167 270 168 283
167 268 229 367 331 313 278 288 256 317 214 304 172 305 193 342 267 365 305 348 324 287 301 270 284 301 268 309 248 306 233 301 194 294 181 274
166 277 218 366 331 319 280 296 267 316 220 318 169 309 188 341 258 367 298 354 325 286 294 276 288 301 280 313 261 298 241 310 194 305 176 280
165 303 217 366 333 311 269 285 237 332 181 306 174 327 193 352 261 366 306 351 319 286 295 277 264 299 251 317 218 334 199 324 174 291 167 289
171 319 233 369 333 316 308 275 272 284 224 344 183 344 207 363 272 363 311 352 330 301 322 287 296 276 284 280 261 307 245 329 205 339 187 325
166 300 212 366 332 315 305 273 268 286 215 336 172 324 188 348 257 366 302 353 329 300 320 285 294 277 281 284 258 310 240 334 190 319 174 294
166 308 219 366 306 272 267 289 267 304 216 328 179 331 196 354 276 362 330 326 293 279 279 284 290 297 278 316 251 312 238 324 185 305 168 276
172 321 232 369 321 346 308 275 270 285 226 344 184 345 207 363 261 367 291 360 333 321 329 296 296 277 283 281 262 307 246 329 207 342 188 330
167 270 233 367 331 303 285 292 251 314 212 300 173 308 195 344 273 363 313 341 318 278 294 276 282 301 266 306 243 299 229 298 192 289 181 268
136 327 334 373 332 304 315 326 219 359 210 365 185 394 260 410 341 351 341 327 295 308 289 322 280 328 243 328 234 358 218 373 184 358 158 333
136 323 227 409 334 305 313 322 257 316 202 359 150 362 186 391 286 400 338 365 301 309 286 322 299 331 280 330 239 332 219 350 178 350 155 325
140 317 247 407 331 302 312 333 266 319 210 341 154 365 199 396 298 393 340 353 305 307 287 323 296 345 273 342 249 324 230 331 182 333 158 308
136 327 236 409 335 308 313 326 290 357 203 357 154 368 193 395 291 398 340 361 303 308 285 323 301 333 288 338 271 326 237 333 176 344 154 317
140 319 252 407 330 301 309 334 269 332 216 334 155 368 203 398 302 391 342 348 308 304 292 320 293 340 276 342 256 319 242 323 184 329 158 304
138 329 334 371 337 310 302 342 271 340 204 351 186 391 260 407 338 350 335 329 298 311 301 323 291 349 280 351 258 317 231 335 182 344 156 314
140 335 330 375 336 307 303 342 269 320 212 345 190 392 260 406 339 353 337 329 297 311 304 323 287 351 275 345 251 321 232 333 177 336 150 306
124 309 197 381 295 304 229 332 213 300 131 265 139 338 166 366 244 378 291 352 265 286 241 310 231 318 228 304 181 307 152 293 132 279 126 294
137 336 202 390 300 350 257 288 220 299 188 346 151 361 176 378 237 391 272 381 300 324 283 300 245 293 233 297 214 316 204 332 171 347 154 344
132 322 180 382 301 346 263 287 227 302 174 344 140 344 157 366 223 389 267 383 302 322 287 300 251 292 239 299 216 322 195 340 160 340 146 330
130 317 227 389 303 344 264 288 228 302 184 341 148 356 187 383 255 384 283 372 302 322 287 300 252 292 240 300 219 318 202 334 165 338 145 327
124 310 178 377 303 323 233 313 195 315 133 271 135 334 154 358 228 382 278 369 283 296 257 297 228 311 213 305 170 311 145 296 130 283 126 297
124 300 204 385 303 329 231 305 224 306 184 327 133 337 166 372 243 382 282 367 289 300 260 289 241 312 236 319 212 315 198 326 158 320 136 295
124 310 190 380 296 304 242 325 213 301 131 267 139 338 161 363 240 379 290 355 268 284 245 305 235 317 226 304 181 308 151 294 132 281 126 296
124 308 196 380 298 340 232 329 215 304 131 265 138 338 165 365 231 380 267 369 291 300 258 299 230 319 226 305 184 306 154 293 130 279 126 294
135 329 220 390 302 346 264 288 226 303 171 345 152 362 185 381 250 388 280 375 302 323 287 300 251 291 238 299 214 324 193 342 158 340 145 330
124 314 194 386 302 345 266 288 228 302 181 336 136 343 164 370 232 387 270 376 301 323 289 301 253 293 242 302 218 320 200 334 157 329 135 309
127 324 251 384 303 335 266 286 196 331 133 293 159 368 205 385 273 374 293 357 299 316 286 297 243 302 219 310 173 331 149 316 126 299 125 312
128 314 230 389 303 344 264 288 226 304 187 340 148 356 188 384 257 382 284 371 302 322 287 300 252 293 239 300 218 319 203 333 166 337 145 324
125 309 264 376 303 331 238 313 221 304 159 313 156 362 209 383 282 366 297 350 287 300 258 293 235 324 230 324 201 317 180 318 139 291 128 285
124 310 201 385 301 348 266 287 227 303 185 336 137 343 167 372 236 385 271 375 302 325 290 301 254 294 241 302 217 319 201 332 161 329 137 309
124 312 200 385 303 337 266 287 228 302 182 333 137 344 167 373 238 385 276 372 299 317 287 298 255 294 242 302 216 317 200 331 156 324 135 301
125 309 215 385 303 328 236 308 220 304 170 323 141 346 176 377 250 382 285 364 288 301 260 289 243 317 230 314 204 319 187 324 145 305 131 283
135 331 218 390 303 340 260 288 225 301 172 346 154 364 185 381 250 388 283 373 300 318 283 298 249 293 237 298 215 323 194 342 159 343 146 333
126 316 189 384 302 343 264 288 228 302 188 338 140 343 161 368 230 387 271 377 301 321 286 301 252 293 241 301 218 318 204 333 165 335 142 319
130 322 223 389 303 343 261 286 227 302 174 342 150 358 186 383 253 385 283 372 302 320 285 298 250 293 239 300 216 322 195 340 158 336 141 325
126 308 196 386 303 342 264 288 228 302 189 338 136 340 163 370 235 387 274 375 301 321 286 299 252 294 240 302 219 318 205 332 167 335 144 320
135 332 210 390 301 348 257 288 224 301 189 345 151 361 180 381 243 390 276 379 300 323 283 300 246 293 235 298 218 317 205 334 170 346 152 339
124 307 261 378 303 332 238 312 223 307 172 321 154 361 207 383 279 370 296 351 288 301 258 292 234 324 228 327 208 315 190 321 145 304 131 280
124 310 192 381 298 347 267 285 216 300 133 267 140 339 163 365 228 381 264 372 301 323 292 300 254 302 235 305 184 310 151 298 132 279 127 295
124 308 176 376 303 327 240 312 218 303 136 277 135 332 153 357 225 383 274 372 282 295 253 301 240 318 228 316 187 316 156 308 130 281 126 295
124 310 192 381 303 330 267 286 214 303 132 267 139 338 163 366 234 382 276 368 300 312 285 295 253 302 233 305 182 312 149 298 130 281 126 296
135 334 253 390 301 341 259 288 223 299 191 344 166 375 209 390 274 380 292 363 298 319 282 299 247 292 235 298 217 315 207 331 172 347 153 341
182 372 290 410 362 330 325 299 212 318 193 276 214 401 252 411 326 397 356 367 354 317 340 305 287 307 250 330 204 303 201 288 181 307 173 339
171 337 282 413 359 324 286 306 205 319 192 278 191 382 236 410 323 400 358 365 338 304 312 307 262 331 234 335 200 305 198 290 184 296 177 317
172 334 287 411 362 330 326 298 207 315 191 277 190 382 238 409 324 398 357 368 354 316 341 306 286 306 247 332 202 301 199 287 184 295 178 315
172 350 315 405 360 326 284 304 221 338 190 289 209 399 262 415 344 385 361 356 337 303 311 304 268 327 245 336 203 326 194 307 179 308 172 329
201 393 317 399 355 315 290 318 237 318 200 271 239 408 278 409 348 378 363 347 332 299 311 314 279 309 259 314 218 306 206 288 185 308 180 350
191 383 233 408 363 337 328 298 285 304 193 274 203 395 218 402 285 408 337 389 357 321 344 307 316 309 301 314 248 321 211 309 182 310 178 346
224 404 292 405 363 337 295 326 266 297 204 271 246 407 269 408 323 393 354 369 345 306 316 312 271 334 262 324 242 300 215 293 183 314 184 362
185 377 296 408 363 339 332 300 285 305 192 274 220 404 258 411 327 395 355 370 360 324 347 309 317 306 301 312 247 324 210 310 181 308 177 342
170 334 279 413 359 324 285 307 202 316 189 282 189 379 233 409 321 401 358 366 338 304 312 306 262 331 231 336 198 302 198 287 182 299 177 317
228 405 332 389 337 301 264 328 255 291 203 271 262 409 297 403 359 360 361 328 311 315 295 328 264 313 270 298 235 302 214 288 184 316 186 365
217 402 323 394 363 345 284 334 266 303 205 267 252 409 287 406 341 382 357 364 345 307 309 316 278 324 267 319 239 306 211 292 184 309 181 357
174 331 227 407 363 336 328 299 286 305 193 275 178 361 196 389 282 410 337 390 358 321 344 308 315 308 301 312 249 328 210 313 186 292 180 312
170 344 276 415 360 326 286 305 200 320 187 289 193 384 234 411 318 403 356 369 340 306 313 304 261 331 230 338 196 306 195 292 179 307 172 326
207 398 318 398 363 341 290 338 209 294 188 282 244 409 281 408 340 383 358 363 342 304 306 316 279 308 244 312 205 279 199 272 179 321 181 359
212 400 323 396 363 341 288 336 210 295 190 278 249 409 286 408 343 380 359 362 344 305 309 316 276 308 243 309 206 280 204 270 180 319 181 360
170 342 279 413 359 324 288 307 202 321 189 282 195 385 235 411 321 401 357 366 338 304 314 304 264 331 233 338 197 307 196 292 182 302 175 322
170 340 270 415 360 359 287 305 216 338 190 292 189 381 229 410 303 409 336 393 358 323 324 298 268 324 242 337 199 325 192 308 180 306 173 323
198 391 308 403 355 315 291 323 233 318 200 268 234 407 271 410 342 384 363 350 330 298 308 314 281 307 258 316 215 306 204 287 184 308 179 349
197 391 305 405 354 313 302 332 273 312 196 272 232 407 268 410 341 386 363 350 324 299 296 313 290 329 284 315 241 320 210 301 184 310 180 350
215 401 287 407 363 342 287 335 214 297 191 275 239 406 263 409 319 397 350 374 344 306 311 314 274 309 244 305 207 282 206 268 180 318 182 361
218 401 334 388 335 301 267 337 263 298 207 269 256 409 295 404 359 359 361 328 306 316 288 333 262 329 265 313 238 304 213 293 184 311 182 358
204 394 313 401 363 343 284 319 240 317 202 267 240 408 276 409 336 387 357 366 348 307 316 312 274 306 257 312 220 306 205 286 184 306 180 351
192 385 234 408 363 341 330 299 282 307 193 274 204 395 219 402 284 407 335 390 359 325 347 308 315 310 298 314 246 319 212 307 183 310 179 347
172 339 281 413 362 328 324 298 204 313 187 279 191 383 236 409 321 400 357 368 353 314 339 304 283 310 244 334 200 299 198 285 183 299 176 319
170 333 229 411 358 366 328 299 284 302 189 295 178 362 200 392 274 415 319 404 360 341 353 316 314 302 299 306 250 335 207 335 180 305 174 319
210 322 265 389 358 310 308 306 272 346 218 292 218 348 238 375 311 383 353 356 341 292 329 310 304 323 289 339 247 340 227 318 212 297 211 310
212 308 255 388 361 329 340 294 308 312 256 356 212 337 226 366 298 387 340 370 359 316 353 303 333 304 323 314 306 334 281 356 235 345 220 323
228 372 341 372 359 335 338 296 310 316 254 367 264 389 303 386 351 360 357 348 356 321 349 307 330 305 319 317 306 343 282 362 242 363 232 360
259 388 320 381 348 297 307 308 260 349 214 291 279 388 299 386 351 359 361 327 333 298 324 314 302 330 280 346 237 336 223 314 211 325 225 361
212 316 252 387 360 342 340 294 310 315 251 360 213 341 226 366 291 387 330 376 360 324 356 306 333 303 322 314 305 341 279 358 231 347 221 327
221 351 278 391 359 330 317 317 307 341 255 368 230 374 253 385 313 384 348 365 349 306 331 304 312 318 312 329 291 356 274 365 244 363 232 357
230 373 341 370 357 339 315 317 285 362 255 372 265 391 303 388 349 360 355 350 350 311 331 303 310 329 302 347 275 367 265 369 245 367 234 363
234 373 333 375 356 341 337 296 309 324 277 367 265 391 299 390 344 365 353 353 355 325 349 309 329 305 320 316 304 340 293 356 261 369 248 369
230 370 338 372 357 341 317 319 309 336 253 371 262 389 300 387 349 362 355 352 353 313 333 301 310 317 312 326 294 356 274 368 243 368 234 361
235 373 336 373 354 320 335 296 287 360 262 369 268 390 302 388 350 356 355 338 351 311 344 302 318 319 304 337 280 365 271 367 253 371 243 368
212 327 252 387 356 353 322 319 310 335 243 359 217 349 230 371 288 389 324 379 359 319 334 297 312 313 312 323 292 355 268 363 228 347 219 333
237 375 294 391 354 319 337 298 292 357 258 369 254 390 274 390 326 379 352 351 351 311 344 302 320 316 303 334 281 364 270 367 251 369 246 376
209 321 271 389 351 297 306 306 269 344 216 286 219 349 243 378 319 381 360 345 333 295 325 312 302 323 286 339 244 336 225 313 212 296 212 309
212 305 256 389 361 334 339 294 308 312 255 355 212 335 227 365 296 387 336 373 360 319 353 304 332 304 321 314 305 336 281 353 234 340 220 320
207 323 273 391 353 298 324 313 271 346 213 285 218 351 244 380 320 380 359 345 340 292 333 302 307 311 293 334 244 337 225 311 210 298 209 311
212 322 251 388 353 359 342 295 311 312 251 361 215 345 228 368 285 389 319 381 361 337 357 314 333 302 325 314 305 340 280 360 234 351 221 335
246 378 294 391 354 321 335 298 296 355 270 366 258 390 276 390 325 379 351 353 350 312 344 303 320 315 303 331 288 359 279 364 260 369 251 369
210 332 280 389 341 292 305 342 277 336 215 276 225 359 252 383 329 375 361 335 326 312 310 315 303 321 296 320 248 331 226 303 210 293 210 312
232 371 301 390 356 345 337 296 310 320 283 365 253 387 278 390 321 381 342 367 356 328 350 311 328 307 319 319 308 336 298 352 265 369 249 369
216 344 283 389 355 356 337 295 319 317 254 367 228 371 254 385 308 384 333 376 359 334 355 312 331 305 323 314 310 336 284 361 241 360 227 349
209 329 353 357 340 292 305 333 273 340 215 276 248 382 302 386 361 333 358 309 328 311 311 312 303 318 293 327 246 332 224 304 210 293 210 312
212 301 259 389 361 336 339 294 308 311 257 353 213 334 228 366 297 386 336 373 359 320 353 304 332 303 321 314 302 335 280 351 235 340 222 317
212 312 250 387 360 339 340 295 310 314 252 358 212 338 225 364 291 387 332 375 359 323 355 307 332 304 322 314 305 340 279 358 232 344 221 326
215 339 288 389 358 351 338 294 311 314 255 365 228 370 257 386 313 383 338 373 359 330 356 309 332 304 323 314 307 341 283 361 240 358 226 346
219 347 278 391 349 364 317 319 287 363 252 367 227 371 252 385 302 386 326 379 359 328 338 296 312 323 306 344 276 365 264 366 240 361 228 351
217 349 259 388 358 314 308 309 290 345 213 296 228 365 242 378 305 385 351 361 342 294 330 309 308 321 302 333 256 350 226 326 211 312 213 330
209 328 274 390 346 292 309 317 272 344 212 281 221 355 246 380 323 378 360 341 332 301 317 312 300 321 287 336 244 334 223 305 210 296 210 313
238 383 337 358 343 289 313 326 279 309 266 361 270 385 303 378 352 335 355 312 329 296 320 312 301 323 292 311 278 325 269 343 256 366 244 373
246 386 355 329 342 286 325 321 284 311 267 365 286 384 326 366 356 315 353 300 324 297 312 308 309 326 298 326 279 327 268 346 264 374 253 378
198 361 327 366 347 292 304 326 279 312 265 355 239 382 283 384 348 342 353 317 330 297 322 315 299 322 290 311 279 326 271 341 243 361 220 364
240 384 353 332 341 287 322 329 280 309 278 372 281 384 322 369 355 317 353 301 326 298 318 310 306 328 295 315 275 331 266 354 266 369 251 374
258 387 345 350 349 288 306 305 303 330 282 319 287 385 316 374 355 330 357 309 334 286 319 298 307 314 309 323 298 322 292 316 270 341 262 364
255 386 357 317 343 286 327 319 288 339 279 320 296 382 337 358 356 306 352 295 323 297 308 309 316 328 302 331 298 323 291 317 270 342 265 365
165 332 294 362 328 296 277 296 274 332 197 334 202 366 248 370 318 346 330 321 312 286 294 284 283 309 279 319 258 306 227 331 184 328 173 319
186 352 286 368 331 327 327 297 266 305 226 338 214 373 250 373 304 360 320 346 331 317 331 307 307 291 286 298 254 313 241 328 212 344 198 348
178 345 261 370 326 292 275 287 241 317 176 306 203 362 232 369 296 358 326 328 311 283 293 283 277 311 259 306 221 317 198 312 174 318 174 331
167 325 296 360 326 293 275 295 261 302 221 330 199 363 248 371 320 342 332 317 308 284 290 285 286 311 269 323 249 311 234 322 201 326 183 315
182 354 311 355 324 296 275 307 270 311 245 332 223 373 267 371 327 336 331 315 306 290 286 297 288 311 281 322 264 324 257 340 224 341 203 347
166 332 296 361 328 297 278 297 268 329 203 340 201 366 248 371 320 344 331 320 313 287 295 285 284 310 279 320 255 312 229 331 191 335 178 326
169 334 266 371 333 307 278 299 275 324 206 341 193 363 229 371 297 361 326 338 320 289 299 286 283 307 285 318 255 323 231 333 193 341 180 335
168 331 301 356 326 292 284 311 261 303 203 322 206 365 253 370 322 337 331 314 301 283 276 288 276 319 265 316 243 315 223 322 189 314 173 315
175 346 302 360 328 299 283 311 267 326 208 345 213 370 257 373 322 344 332 321 308 289 285 295 282 320 271 316 252 331 231 336 197 347 185 345
184 357 278 370 331 315 317 292 266 306 226 340 214 373 246 373 303 360 325 340 331 306 327 297 300 290 283 300 255 315 241 329 211 345 195 348
184 356 272 372 332 320 322 294 265 303 228 336 210 372 241 373 297 364 321 346 332 311 331 302 303 292 284 300 256 312 242 324 212 343 195 348
183 355 276 370 332 314 315 291 274 300 238 334 212 371 244 373 302 361 326 340 329 304 325 296 302 290 288 296 267 315 252 321 219 342 200 347
176 344 300 357 325 291 278 316 238 319 176 308 214 366 257 369 321 338 330 314 298 282 273 290 263 313 250 313 220 319 198 317 172 320 172 333
179 349 311 355 326 296 288 313 266 320 240 333 221 372 266 372 327 336 332 315 302 289 278 298 281 321 273 315 263 332 251 338 220 342 199 348
174 321 287 363 324 290 272 294 254 312 186 299 197 359 242 369 314 345 328 317 306 282 287 284 287 303 270 317 232 312 203 310 179 297 175 309
165 329 293 362 326 294 292 310 270 331 217 333 201 365 247 371 318 345 330 319 301 284 277 294 284 318 277 326 262 308 243 317 197 329 180 317
167 334 277 368 331 300 279 296 274 324 200 341 197 365 237 372 306 356 329 330 317 288 298 286 279 306 285 317 255 315 228 334 188 337 177 330
173 344 296 363 332 306 275 304 272 323 205 345 209 368 252 372 318 349 331 328 316 289 294 289 284 310 283 320 251 327 228 338 194 345 183 342
171 340 265 372 332 304 277 300 276 322 205 343 197 365 231 372 297 361 326 337 317 289 297 287 283 307 286 317 255 325 230 335 193 343 182 339
