335 250 348 249 342 242 339 254 345 254 348 246 345 244 338 242 335 245
336 254 345 248 338 241 340 254 344 253 344 245 342 242 332 245 331 250
334 248 345 247 341 241 337 254 344 254 345 245 344 242 337 241 334 245
337 254 347 247 342 242 342 254 347 253 346 245 344 243 337 243 335 248
335 254 345 244 335 246 342 256 347 251 341 242 337 243 333 249 333 251
335 248 345 247 341 241 337 254 344 254 345 245 344 242 337 242 335 244
333 249 345 247 340 241 337 254 344 254 345 245 343 242 336 242 333 244
333 250 346 250 340 242 337 256 343 256 346 246 343 244 336 244 333 246
333 248 345 247 341 241 336 254 343 254 345 245 344 242 337 241 335 244
335 247 348 248 342 241 337 255 345 255 347 245 346 242 339 242 336 244
335 252 348 251 336 245 340 256 345 255 348 244 342 242 335 246 335 249
337 254 346 249 339 242 341 254 346 254 346 245 343 244 335 245 334 249
341 254 345 249 332 247 343 254 344 252 344 243 337 241 332 251 336 254
335 247 347 253 345 242 336 253 341 256 348 250 348 246 341 241 337 244
333 250 346 255 346 244 336 255 341 256 347 252 348 248 341 242 335 245
335 249 345 247 342 241 338 254 345 254 345 245 344 242 338 241 335 244
335 250 341 256 336 244 335 252 338 255 348 251 345 242 335 244 335 247
333 249 345 250 340 241 335 254 341 254 345 246 344 242 336 242 333 245
335 250 348 249 340 241 339 254 345 254 346 245 344 242 336 244 335 246
335 249 346 246 341 241 339 254 346 254 346 244 344 242 337 242 335 245
333 250 346 251 341 242 337 254 343 254 346 247 345 244 337 243 335 247
339 254 348 249 340 241 343 254 347 253 346 245 344 242 335 244 335 250
337 254 347 247 341 242 342 254 347 253 346 245 344 243 336 244 335 248
333 249 347 247 341 242 337 255 345 255 346 245 344 243 337 243 335 246
333 251 346 249 335 244 337 255 344 255 345 244 340 242 333 246 333 248
330 247 341 254 336 242 331 252 336 254 343 249 342 243 334 242 331 245
335 249 347 247 342 242 339 254 346 254 346 245 344 243 338 242 335 245
335 246 347 254 348 246 335 252 341 256 348 252 348 249 344 242 339 241
323 267 334 262 323 254 328 268 333 268 334 256 330 253 319 258 319 262
319 258 336 263 332 253 321 267 330 268 336 260 335 257 327 253 322 254
319 258 336 260 326 253 322 267 332 268 335 256 331 253 323 253 321 256
324 268 332 267 321 257 326 268 329 268 336 260 329 253 319 260 321 264
331 257 341 261 332 250 333 260 337 261 343 254 340 247 331 251 331 254
335 261 343 251 333 248 340 261 343 257 340 247 336 246 330 252 331 258
339 262 343 254 333 249 342 261 343 258 342 249 337 248 330 254 332 261
336 262 343 255 333 248 340 262 343 259 343 250 339 247 330 254 331 259
329 254 341 257 337 247 331 260 337 261 341 253 341 249 333 247 330 251
331 260 340 262 333 249 334 262 337 262 343 255 341 248 331 253 331 256
334 261 343 252 334 248 339 261 343 258 342 248 338 247 331 252 331 256
330 255 342 251 335 247 335 261 342 259 342 248 339 247 332 249 331 252
332 260 340 262 333 249 334 262 337 262 343 255 341 248 331 252 331 256
333 262 343 258 336 248 337 262 341 261 343 254 341 249 331 251 330 256
331 260 338 261 340 247 332 261 335 261 342 258 343 252 333 247 330 253
334 261 343 252 332 248 339 261 343 258 341 248 337 246 330 252 330 257
331 253 343 254 335 247 332 260 340 261 342 250 339 247 333 248 331 251
332 261 343 250 336 248 339 262 343 257 342 248 339 247 331 251 330 256
334 261 343 252 332 248 339 261 343 258 341 248 337 246 330 252 330 257
330 256 342 256 336 248 333 262 339 262 342 252 340 249 332 249 330 252
331 261 339 261 331 249 333 261 336 261 343 254 339 247 330 252 330 256
336 261 343 258 332 250 339 261 342 261 343 251 338 247 331 254 332 259
330 256 342 250 335 246 335 261 342 258 341 248 338 247 331 249 330 253
332 261 342 255 334 248 337 262 342 260 342 251 338 248 330 251 330 255
328 257 338 262 338 251 330 261 334 263 339 259 339 255 334 251 330 253
326 252 336 253 332 248 327 258 334 259 336 251 335 248 329 248 326 249
328 257 338 262 338 251 330 261 334 263 339 259 339 255 334 251 330 253
332 259 339 256 333 250 335 259 338 259 339 252 337 250 328 251 328 257
326 253 336 254 333 248 328 259 334 259 336 251 336 248 330 248 326 250
324 252 336 255 333 247 326 257 332 259 336 252 335 249 330 246 326 249
324 252 336 250 330 246 328 259 335 258 335 248 333 246 328 247 325 250
326 254 334 259 335 248 326 257 330 259 339 257 339 251 331 248 327 251
330 255 339 258 339 252 331 260 336 261 339 256 339 254 336 251 332 252
330 256 339 256 335 251 331 261 337 261 339 254 338 251 332 251 330 253
334 261 339 253 333 251 338 260 339 257 339 251 336 251 328 253 328 258
330 255 339 259 339 252 330 260 335 261 339 257 339 255 335 251 331 252
334 259 339 257 336 248 336 259 337 258 339 254 339 250 329 250 326 257
332 259 339 258 334 250 334 259 337 259 339 254 338 251 329 252 328 256
324 254 336 251 327 247 329 259 334 257 334 248 331 246 325 249 324 251
326 253 334 259 332 248 326 257 330 259 339 256 338 250 329 248 326 251
328 255 337 261 337 250 329 259 333 261 339 258 339 254 333 250 329 252
328 256 336 261 334 251 328 259 332 261 339 258 339 252 331 251 328 254
326 253 334 259 332 248 326 257 330 259 339 256 338 250 329 248 326 251
326 253 334 259 334 248 326 257 330 259 338 257 338 251 331 248 327 250
328 256 337 261 334 251 329 260 333 261 339 258 339 253 332 251 329 254
330 255 339 258 339 252 331 260 336 261 339 256 339 254 336 251 332 252
333 263 346 262 340 255 338 268 344 268 346 258 344 255 336 256 335 260
339 268 344 256 334 255 344 267 345 262 342 252 338 251 331 261 332 266
331 263 345 259 338 255 338 266 345 266 345 256 342 253 335 256 333 260
335 267 346 266 335 256 339 268 343 268 346 259 342 255 335 260 333 263
333 262 343 266 340 255 335 265 339 266 345 263 345 258 337 256 335 259
336 268 343 266 332 255 338 268 341 268 343 259 340 253 330 259 330 265
333 260 343 264 339 255 334 265 339 266 343 260 342 256 337 255 334 258
333 262 345 264 341 255 336 266 341 266 345 260 344 256 337 255 335 259
333 260 343 261 341 255 335 266 341 266 343 259 343 256 338 255 334 257
335 268 343 266 332 255 338 268 341 268 343 260 339 253 330 259 330 264
331 260 340 266 341 255 332 264 336 266 343 264 343 259 337 255 333 257
331 261 344 265 341 253 334 266 339 266 345 261 345 256 337 254 333 258
333 263 348 258 337 255 339 268 346 265 345 255 341 254 335 256 333 259
337 268 346 258 337 255 342 268 346 264 345 255 341 254 333 258 333 263
331 261 340 266 340 253 332 265 336 266 343 264 343 258 336 255 332 258
336 268 343 258 333 255 341 268 343 264 342 254 338 253 330 259 330 264
340 266 345 261 338 255 343 266 345 264 345 257 343 253 333 259 333 265
330 261 343 266 339 253 333 266 338 266 343 261 343 256 335 254 331 258
334 264 342 266 340 255 336 266 339 266 345 263 344 258 336 257 333 260
333 264 348 258 335 257 339 268 347 266 344 254 339 255 335 259 334 262
331 261 344 265 341 253 334 266 339 266 345 261 345 256 337 254 333 258
332 265 345 257 333 258 339 266 345 265 342 253 337 253 331 260 331 262
337 268 348 259 335 258 342 268 347 265 345 255 339 255 334 262 333 265
337 268 344 256 338 253 343 267 345 262 344 254 341 253 333 258 331 263
333 264 348 258 335 257 339 268 347 266 344 254 339 255 335 259 334 262
323 261 334 264 330 253 325 266 330 266 334 260 334 255 326 254 324 258
323 261 334 264 330 253 325 266 330 266 334 260 334 255 326 254 324 258
319 259 332 262 328 253 322 264 328 265 332 258 331 255 325 253 321 256
323 258 334 258 329 253 325 265 332 266 333 256 331 254 327 253 324 256
323 261 330 266 324 254 323 264 326 266 336 261 333 253 323 255 323 258
323 260 334 259 331 253 326 266 333 266 334 257 333 254 327 253 324 256
323 258 334 260 328 253 324 265 332 266 334 256 332 253 326 253 323 256
323 261 334 264 330 253 325 266 330 266 334 260 334 255 326 254 324 258
321 258 332 261 327 253 322 264 328 265 332 257 330 254 325 253 322 256
323 258 334 258 329 253 325 265 332 266 333 256 331 254 327 253 324 256
323 258 332 259 328 253 324 265 331 265 332 256 331 253 326 253 323 256
323 261 330 266 324 254 323 264 326 266 336 261 333 253 323 255 323 258
323 258 334 259 329 253 325 265 332 266 334 256 333 253 326 253 323 256
321 259 332 262 328 253 323 264 328 265 332 258 331 254 325 254 322 257
323 260 334 259 331 253 326 266 333 266 334 257 333 254 327 253 324 256
319 259 332 262 328 253 322 264 328 265 332 258 331 255 325 253 321 256
323 261 334 264 330 253 325 266 330 266 334 260 334 255 326 254 324 258
314 263 328 269 325 259 315 270 322 272 329 265 328 261 321 257 316 258
314 270 326 270 314 258 317 272 322 272 327 262 322 257 312 261 312 265
314 262 328 269 328 261 314 269 321 270 329 267 329 264 325 257 318 257
314 261 328 269 327 259 314 268 320 270 329 266 329 262 322 257 316 257
314 263 328 269 325 259 315 270 322 272 329 265 328 261 321 257 316 258
314 262 328 269 325 259 314 269 321 272 329 265 328 261 321 257 316 257
314 261 327 271 326 258 314 268 320 272 329 267 329 262 321 257 316 257
314 265 325 271 326 258 315 270 320 272 328 268 329 263 320 257 315 260
314 266 326 270 327 260 316 271 321 272 328 267 329 263 321 257 314 258
314 265 325 271 326 259 315 270 320 272 328 268 329 263 321 257 315 259
314 266 327 269 327 259 316 271 322 272 329 266 329 262 320 257 314 259
312 269 325 271 325 257 316 272 320 272 327 267 327 262 317 257 312 261
313 270 326 261 313 258 319 272 326 269 324 257 319 257 312 262 310 265
312 263 329 266 326 258 316 271 324 272 329 263 328 260 321 257 316 258
315 271 323 272 315 258 317 272 320 272 327 265 324 257 312 262 312 266
314 265 328 269 326 259 316 271 322 272 329 265 329 261 321 257 315 259
314 265 328 269 326 259 316 271 322 272 329 265 329 261 321 257 314 259
313 270 326 268 324 258 318 272 323 272 327 265 327 261 317 257 312 262
315 269 328 270 315 259 319 272 323 272 329 262 323 257 314 262 314 266
314 261 329 269 326 259 314 268 321 272 329 266 329 262 322 257 317 257
313 267 324 270 316 256 316 270 320 270 327 264 324 257 313 260 312 263
314 261 328 269 327 259 315 268 321 270 329 266 329 262 322 257 317 257
312 267 326 259 314 259 320 270 327 268 322 257 318 255 312 261 312 264
312 264 329 265 325 257 316 270 324 270 329 262 327 260 320 257 314 259
312 264 329 263 316 257 317 270 325 270 326 259 322 257 314 259 312 262
315 272 326 269 311 261 319 272 323 271 326 260 318 256 310 264 311 268
314 265 328 269 328 261 316 270 322 270 329 267 329 264 324 257 316 258
318 272 328 270 315 260 321 272 324 272 329 262 323 257 314 263 314 268
314 263 327 269 327 259 314 269 321 272 329 266 329 262 322 257 316 258
358 278 367 275 355 266 361 278 364 278 367 268 361 262 354 270 355 275
358 279 367 277 364 262 361 279 364 279 369 272 369 267 358 264 357 271
350 277 361 264 350 265 357 277 362 272 357 262 353 263 348 269 348 272
352 275 360 277 352 264 354 277 357 277 362 270 360 263 351 267 351 271
357 280 364 277 359 261 359 280 362 280 367 272 365 265 353 266 352 273
356 278 364 267 354 263 361 278 364 273 361 263 358 261 351 268 351 273
354 271 365 277 366 266 356 275 360 278 367 274 367 270 361 263 356 266
358 279 366 278 364 263 360 280 363 280 369 273 369 268 357 265 356 271
357 265 363 279 364 262 357 271 357 277 369 275 369 268 362 261 359 263
360 279 367 276 357 265 362 279 365 279 368 270 364 263 355 269 356 275
358 279 366 279 365 263 360 280 363 280 369 274 369 269 358 264 356 271
360 279 367 267 360 261 364 277 368 273 365 265 363 262 354 266 353 274
360 280 365 265 356 262 366 278 367 271 362 262 359 261 353 270 353 277
350 279 360 263 350 263 357 278 361 271 357 261 353 261 347 269 345 275
356 279 363 264 356 261 363 277 366 271 362 262 359 260 352 267 351 273
351 278 359 262 351 260 358 276 361 269 357 261 354 260 347 267 345 274
357 280 365 277 360 261 359 280 362 280 367 272 366 266 354 266 353 273
314 262 324 257 315 247 318 262 322 260 324 253 320 249 311 252 310 257
316 267 323 251 314 247 322 263 324 258 320 248 317 246 310 255 311 262
317 252 324 243 317 238 321 251 324 247 323 241 320 238 311 242 311 248
314 267 323 250 314 247 321 264 324 258 320 247 317 246 310 254 310 261
316 257 320 241 312 240 323 255 323 248 318 239 315 238 311 247 310 254
315 259 323 255 317 237 318 259 321 258 323 248 323 241 310 243 311 252
310 253 324 252 317 243 314 258 320 259 324 248 321 245 313 245 311 249
311 249 322 257 321 245 311 255 316 259 324 253 324 249 317 244 313 245
317 257 322 245 312 243 322 256 324 250 318 241 314 240 310 250 311 256
314 267 322 252 316 247 320 266 323 259 321 250 319 247 311 253 309 260
317 255 323 249 315 238 320 255 322 253 323 244 321 238 310 243 311 250
316 266 322 251 315 247 322 263 324 258 320 250 318 248 310 254 310 261
315 262 323 252 310 253 320 262 324 258 319 248 314 248 310 256 311 260
313 262 321 261 311 252 315 262 318 262 324 254 318 247 310 255 311 259
315 265 323 248 317 242 322 264 323 256 323 245 320 242 310 250 311 258
318 264 324 249 316 243 324 260 325 255 321 247 319 244 311 251 311 260
316 262 323 258 318 243 318 262 321 261 324 253 323 247 311 248 311 255
315 264 325 250 318 243 321 263 325 257 324 247 321 245 312 249 311 258
315 265 323 261 316 243 318 265 321 264 324 254 323 246 311 250 311 258
317 266 321 253 313 248 322 263 323 258 319 251 316 248 310 256 311 263
315 259 323 255 316 238 318 259 320 258 323 248 323 241 310 243 311 251
316 265 322 253 315 248 321 263 323 259 320 252 318 249 311 253 310 261
316 266 323 256 316 247 320 266 323 261 322 252 320 248 310 254 310 261
315 257 323 244 314 238 321 256 323 251 321 241 318 238 311 246 311 253
336 271 343 265 330 259 340 271 343 269 343 259 337 255 328 263 330 268
333 266 345 266 339 258 337 272 343 272 345 262 342 259 336 259 333 262
332 270 340 271 334 255 334 271 337 271 344 265 342 257 330 260 329 264
334 270 342 271 336 255 336 271 339 271 345 264 344 256 332 260 331 264
333 263 345 266 339 258 335 270 342 272 345 262 343 259 337 258 334 261
333 263 345 263 339 259 335 271 344 272 344 261 342 259 337 259 334 261
333 264 339 274 344 261 333 268 335 272 344 272 345 267 339 259 334 260
333 267 345 267 341 259 337 272 343 272 345 264 344 261 337 259 333 262
333 269 345 271 339 259 335 273 340 274 345 266 343 262 334 260 333 264
337 271 344 270 335 257 339 271 342 271 345 263 343 257 332 261 332 267
335 271 342 260 331 256 340 271 342 266 340 257 336 254 327 261 328 267
330 268 343 264 332 257 336 271 342 270 342 259 338 255 328 261 327 264
338 271 345 264 336 255 342 271 345 268 345 259 342 254 331 261 332 267
337 271 343 264 332 257 340 271 343 268 342 259 337 254 327 262 330 268
337 271 345 266 334 258 341 271 344 270 345 260 341 255 332 262 332 267
335 271 342 263 332 255 339 271 341 268 342 258 337 254 326 261 328 268
333 264 339 274 343 260 333 268 335 272 344 272 345 266 339 259 334 260
333 262 345 269 343 257 333 268 339 271 345 265 345 261 339 257 335 259
338 271 345 264 336 255 342 271 345 268 345 259 342 254 331 261 332 267
332 271 341 261 332 253 337 271 340 267 340 257 336 253 326 260 325 266
336 271 344 270 332 259 338 271 341 271 345 262 340 255 331 263 331 268
338 271 345 264 336 255 342 271 345 268 345 259 342 254 331 261 332 267
337 271 345 268 335 258 340 271 343 271 345 262 342 256 333 262 333 267
333 262 345 264 342 258 335 270 343 271 345 262 344 259 339 258 335 259
334 271 341 262 331 256 338 271 340 267 340 257 335 252 325 262 327 267
330 262 339 271 341 257 330 267 334 271 345 269 345 262 337 255 332 257
337 271 343 264 332 257 340 271 342 268 342 259 337 254 327 262 330 268
338 281 345 279 334 272 340 281 343 281 345 272 341 268 333 275 334 279
337 281 345 273 340 268 342 281 345 278 345 271 343 269 334 270 332 276
329 271 341 272 338 266 331 278 339 278 341 270 341 267 334 266 330 268
337 281 345 273 340 268 342 281 345 278 345 271 343 269 334 270 332 276
334 279 342 271 337 266 339 279 342 276 342 269 340 267 331 268 329 274
336 280 344 280 333 271 338 280 341 280 345 273 341 268 332 274 333 278
333 278 340 277 329 269 335 278 338 278 341 270 336 265 328 272 329 276
329 277 339 276 330 265 332 277 336 277 339 270 337 264 327 267 327 272
337 281 345 273 340 268 342 281 345 278 345 271 343 269 334 270 332 276
329 277 340 277 330 266 333 278 337 278 340 270 337 265 328 269 328 273
333 276 346 274 341 269 337 282 345 282 346 272 344 270 337 270 334 273
332 277 340 269 335 264 337 277 340 274 340 267 338 265 329 266 327 272
331 274 344 272 339 267 335 280 343 280 344 270 342 268 335 268 332 271
337 281 345 273 340 268 342 281 345 278 345 271 343 269 334 270 332 276
332 278 340 270 335 265 337 278 340 275 340 268 338 266 329 267 327 273
337 281 345 281 334 272 339 281 342 281 346 274 342 269 333 275 334 279
337 280 344 279 333 271 339 280 342 280 345 272 340 267 332 274 333 278
338 281 346 273 341 268 343 281 346 278 346 271 344 269 335 270 333 276
333 276 339 281 339 268 333 279 336 281 345 279 345 272 335 269 333 272
335 280 342 279 331 271 337 280 340 280 343 272 338 267 330 274 331 278
331 277 339 277 328 268 333 277 336 277 340 270 336 265 327 271 328 275
330 272 342 273 339 267 332 279 340 279 342 271 342 268 335 267 331 269
333 276 346 274 341 269 337 282 345 282 346 272 344 270 337 270 334 273
341 259 350 257 347 241 344 259 346 258 352 251 351 245 338 243 335 251
337 256 348 248 336 243 342 256 347 254 347 243 342 241 333 247 333 252
344 256 351 247 337 247 349 256 352 252 348 242 341 242 335 251 338 256
343 258 352 248 338 243 348 257 352 254 350 242 344 241 335 248 337 254
338 257 352 248 347 242 345 258 351 255 352 246 350 244 340 243 335 249
344 258 352 247 338 244 349 257 352 253 349 243 344 242 335 250 337 256
341 256 352 246 339 244 347 256 352 253 349 242 344 241 336 249 337 253
339 258 347 257 345 241 341 259 344 259 350 252 349 245 337 243 335 250
336 256 348 245 342 241 343 258 348 253 348 242 345 241 336 243 333 250
343 256 351 247 336 247 348 256 352 253 348 242 341 241 335 251 338 256
338 257 348 242 337 243 346 258 348 250 345 241 341 241 334 248 335 252
341 259 349 257 347 241 344 259 347 259 352 252 351 246 338 243 335 251
344 258 352 249 340 243 348 257 352 254 351 244 346 242 335 249 337 255
340 258 352 245 342 241 347 257 352 253 349 243 346 241 337 245 335 251
338 255 352 252 337 245 343 256 348 256 351 245 345 241 335 248 337 251
343 259 350 255 343 241 346 259 348 257 350 249 349 243 335 246 335 254
337 255 352 247 339 243 344 258 351 255 349 243 345 241 337 247 335 250
335 250 352 246 339 242 341 256 350 255 349 242 344 241 337 245 337 248
337 253 352 248 337 245 343 256 350 255 350 242 344 241 335 248 335 250
338 257 348 254 340 241 342 258 346 257 348 248 347 241 335 245 335 251
272 266 282 265 277 260 274 272 281 272 282 263 280 261 274 261 272 263
269 266 279 269 276 260 270 271 275 272 279 266 279 263 273 260 270 263
268 266 278 263 273 257 270 271 277 270 278 261 276 258 270 259 268 262
272 271 281 269 274 261 275 271 278 271 281 265 278 262 272 264 271 267
273 268 284 266 279 261 277 273 283 272 284 264 282 262 276 262 274 265
274 267 285 265 279 260 276 274 283 273 285 263 282 261 276 261 275 264
272 270 283 270 277 260 275 271 279 271 283 266 281 262 273 262 271 265
277 266 288 267 281 261 279 272 285 272 288 263 285 261 279 261 278 264
269 266 278 268 277 260 270 271 275 271 278 266 278 263 273 260 270 262
275 266 285 271 281 260 275 270 280 271 286 267 286 262 278 261 275 264
268 264 277 267 276 260 268 269 273 271 277 265 277 262 272 259 268 261
269 266 278 266 277 260 271 271 277 271 278 264 278 262 273 260 270 262
269 266 280 269 273 260 270 271 275 272 280 265 278 261 271 261 270 264
269 265 278 266 272 260 270 271 276 271 278 263 276 260 270 260 269 262
273 268 285 267 276 262 277 273 283 272 284 263 280 261 274 263 274 266
282 271 288 268 281 261 284 271 287 270 288 264 286 261 278 264 277 269
276 265 287 267 281 260 277 272 284 273 287 264 285 261 279 260 277 263
273 267 282 266 279 260 275 273 282 273 282 264 282 261 275 261 273 263
277 266 288 267 281 261 278 272 285 272 288 264 285 261 279 261 278 264
278 265 288 265 283 260 280 271 287 271 288 263 286 260 280 260 278 262
275 267 283 272 280 262 276 270 279 272 286 269 286 263 277 262 275 265
267 266 278 268 270 260 268 271 273 271 278 263 275 259 268 261 268 264
274 267 284 269 282 262 275 272 281 273 284 267 284 264 278 261 274 264
275 267 285 269 278 261 276 272 281 273 285 265 283 261 276 262 275 265
271 265 280 266 278 261 271 271 277 272 280 265 279 263 275 260 272 262
278 266 288 269 284 260 280 271 285 271 288 265 288 261 281 260 278 263
276 266 286 266 282 261 278 272 285 272 286 264 285 261 279 261 276 263
276 266 286 269 282 261 277 271 282 272 286 266 286 262 279 261 276 264
271 267 278 267 277 262 272 272 277 272 278 265 278 263 274 261 272 264
279 272 286 270 279 261 281 272 284 272 286 266 284 262 276 264 275 269
269 267 278 267 272 258 270 273 276 273 278 263 276 259 269 260 268 263
276 267 286 267 283 260 278 272 284 272 286 265 286 262 279 261 276 263
278 264 288 271 288 264 278 269 282 273 288 269 288 267 286 260 281 260
277 266 288 267 281 261 278 272 284 272 288 263 285 261 279 261 278 264
276 267 287 266 283 260 278 273 285 272 287 264 286 261 279 261 276 264
275 266 284 267 279 261 276 272 282 273 284 264 283 262 277 262 275 264
270 266 280 269 274 260 270 271 275 272 280 265 278 261 272 261 271 264
273 267 283 266 280 260 275 272 282 273 283 264 283 262 276 261 273 264
277 266 288 270 283 260 278 271 283 271 288 266 288 261 280 261 278 264
278 265 287 264 282 260 280 271 287 271 287 262 285 260 280 260 278 263
276 266 284 272 285 261 277 270 280 272 287 269 287 265 281 261 277 263
277 267 287 267 280 260 277 273 284 273 287 263 284 261 278 262 277 264
278 266 288 266 286 259 281 271 287 271 288 264 288 261 282 260 278 263
291 247 300 246 297 239 294 249 298 249 300 244 300 241 293 239 290 243
293 243 302 245 301 238 294 248 299 248 302 243 302 241 297 238 294 240
291 246 300 247 299 240 293 249 297 249 300 245 300 242 295 238 291 241
292 244 301 245 298 238 293 249 298 249 301 243 301 240 295 238 292 241
292 244 302 245 300 238 295 249 300 249 302 243 302 240 296 238 293 241
287 243 296 247 294 241 287 248 292 250 296 245 296 243 292 240 289 241
285 244 294 244 289 241 286 251 293 251 293 242 291 241 287 242 286 243
293 242 303 243 301 238 294 248 300 249 303 242 303 240 298 238 294 239
284 248 293 247 285 242 286 252 291 252 292 243 289 241 284 243 284 245
289 248 298 244 289 242 293 250 298 249 296 241 292 240 288 243 288 245
283 250 291 249 284 243 286 252 290 252 291 245 288 242 283 244 283 247
286 246 295 246 294 241 287 251 292 251 295 245 295 243 290 240 287 243
286 246 295 246 294 241 287 251 292 251 295 245 295 243 290 240 287 243
284 250 293 249 291 242 287 252 291 252 293 247 293 244 286 242 284 245
289 249 298 245 293 240 292 250 297 250 298 243 296 241 289 241 288 244
292 249 299 243 290 242 296 249 299 247 297 240 293 240 289 244 290 247
284 249 293 249 290 242 285 252 290 252 293 247 293 244 286 242 284 245
291 247 300 246 292 240 294 249 298 249 300 242 297 238 291 241 291 244
286 246 295 247 294 241 288 251 293 251 295 245 295 243 290 240 287 243
289 248 298 243 289 242 293 250 298 249 296 241 292 240 288 243 288 245
282 248 290 247 288 243 284 253 289 253 290 246 290 244 285 242 282 245
341 281 351 282 346 274 343 285 348 285 351 278 350 275 342 274 341 277
343 284 351 281 345 274 346 284 350 284 351 277 349 275 341 274 341 280
339 282 348 283 346 275 341 284 345 284 348 281 348 278 341 274 339 277
340 279 350 280 344 274 341 285 348 285 350 277 348 275 342 274 340 277
339 278 349 280 348 275 340 284 346 285 349 278 349 276 344 273 339 274
336 281 345 279 340 272 339 285 344 285 345 277 343 274 336 274 336 277
339 278 346 285 346 278 339 282 341 285 346 283 346 281 345 276 341 275
341 278 348 282 348 277 341 283 344 285 348 281 348 279 346 274 342 275
340 279 350 282 344 274 340 285 346 285 350 278 348 275 342 274 340 277
341 277 350 286 350 274 342 282 344 286 352 283 352 278 346 272 343 273
339 284 345 283 342 274 341 284 343 284 345 280 345 277 336 276 335 281
340 279 347 279 344 274 340 285 347 286 347 277 347 274 342 274 340 277
339 280 346 279 340 275 340 285 346 285 346 276 344 275 339 275 339 277
335 282 345 278 339 274 339 284 345 284 344 276 342 274 336 275 335 278
341 277 348 282 348 277 341 282 344 284 348 281 348 279 346 275 342 275
343 279 352 280 346 272 343 285 350 285 352 276 350 274 344 274 343 276
338 279 348 281 342 274 339 285 345 286 348 277 346 274 341 275 338 277
343 279 354 280 346 273 344 286 351 286 352 276 348 272 344 274 343 277
338 282 346 283 346 278 340 285 344 285 346 282 346 280 343 275 338 276
306 244 315 247 312 238 306 248 311 249 315 244 315 240 309 238 306 240
305 243 314 246 313 238 305 248 310 249 314 244 314 241 309 238 306 240
306 242 315 242 310 237 307 248 314 249 315 240 313 237 308 238 306 240
306 243 315 243 313 236 308 249 314 249 315 241 315 239 309 237 306 239
307 244 316 247 315 239 308 248 312 249 316 245 316 242 311 238 308 241
303 243 312 244 310 238 304 249 310 250 312 242 312 240 306 238 303 240
307 246 316 246 309 239 310 249 314 249 316 242 314 238 308 241 306 244
305 244 314 245 312 238 307 248 312 248 314 243 314 240 308 238 305 241
306 243 316 246 314 239 307 248 312 248 316 244 316 241 311 238 307 240
304 246 313 243 304 239 307 249 312 249 312 239 308 238 304 241 303 244
305 246 314 243 306 239 308 249 313 248 314 239 310 238 305 241 304 244
306 242 315 242 310 236 307 248 314 249 315 240 313 237 308 237 306 239
305 243 314 246 314 239 306 248 311 249 314 244 314 242 311 237 306 239
308 248 316 246 307 241 310 248 313 248 316 241 312 238 306 242 306 245
306 243 315 242 312 236 309 249 315 249 315 240 314 237 308 237 306 239
304 242 313 247 313 239 304 247 308 249 314 245 314 242 310 238 306 239
306 242 315 242 313 235 308 248 315 249 315 240 315 237 309 236 306 239
303 243 312 242 306 238 304 249 311 249 312 240 309 238 304 238 304 241
313 248 316 242 307 242 315 248 316 245 314 239 310 239 306 245 309 248
304 245 314 244 306 239 307 249 312 249 314 240 310 238 305 241 304 243
304 243 313 242 308 238 305 249 312 249 313 240 311 238 306 238 304 240
306 242 315 242 312 236 308 248 315 249 315 240 315 237 309 236 306 239
327 241 336 241 332 236 328 246 334 246 336 239 335 236 328 235 326 237
320 241 331 244 329 238 321 247 326 250 331 242 331 240 325 236 321 238
320 242 331 245 329 239 321 248 326 251 331 243 331 241 325 237 321 239
326 241 335 242 333 235 328 246 333 247 335 240 335 238 329 235 328 238
322 241 333 244 331 238 323 247 328 250 333 242 333 240 327 236 323 238
323 241 334 243 327 236 324 247 331 248 334 239 331 236 325 237 323 239
326 239 335 243 334 236 327 245 332 248 335 241 335 238 330 234 326 236
320 241 331 244 329 238 321 247 326 250 331 242 331 240 325 236 321 238
321 241 332 241 326 236 323 249 330 248 332 239 329 237 324 236 322 239
327 241 335 242 332 236 328 246 333 247 335 240 335 237 328 235 327 237
326 244 335 243 326 237 329 248 334 248 335 238 331 235 326 239 325 242
327 242 335 239 327 236 330 247 335 245 334 235 330 235 327 238 326 241
328 242 335 242 335 237 330 247 335 247 335 241 335 239 331 235 330 238
325 241 335 239 328 235 330 247 335 246 334 236 331 235 326 236 325 239
323 241 334 240 327 236 325 248 332 248 333 237 330 236 325 237 323 239
327 241 335 241 332 236 330 246 334 246 335 239 335 236 328 235 327 237
324 240 336 242 329 235 325 246 332 247 336 238 333 236 327 235 324 238
321 241 332 241 326 236 323 249 330 248 331 239 329 237 324 236 322 239
319 242 330 245 328 239 320 248 325 251 330 243 330 241 324 237 320 239
324 239 335 239 329 235 326 247 334 247 335 237 332 236 327 235 325 237
327 241 335 240 334 236 330 246 335 246 335 239 335 237 330 235 328 238
326 239 336 241 336 235 329 245 334 247 336 239 336 237 332 234 327 235
322 242 332 241 326 237 324 249 331 248 332 238 329 237 324 238 322 240
327 238 335 240 332 234 327 244 334 247 335 238 335 235 329 234 326 236
324 240 335 242 330 235 325 246 332 247 335 239 334 237 327 235 324 238
326 241 336 243 334 236 328 246 333 247 336 241 336 238 330 235 328 238
322 249 332 241 321 238 326 250 331 247 329 238 325 236 320 241 320 245
327 240 337 242 333 235 328 245 334 247 337 239 336 236 330 235 328 237
319 244 330 245 322 237 321 250 326 251 330 241 327 238 320 239 319 241
328 241 335 244 335 239 329 245 333 247 335 243 335 241 332 236 328 235
323 241 334 240 327 236 325 248 332 248 333 237 330 236 325 237 323 239
328 240 337 241 332 234 328 246 334 247 337 238 336 235 329 234 328 236
323 240 334 242 327 235 324 246 331 247 334 238 331 235 325 236 323 238
319 249 329 245 327 239 322 251 326 250 329 243 329 241 321 237 318 242
322 242 334 241 328 237 325 249 332 249 334 239 331 237 325 237 323 239
317 245 328 243 319 238 319 251 326 250 327 239 323 237 318 240 317 242
324 240 335 242 328 235 325 246 332 247 335 238 332 235 326 236 324 238
327 240 335 239 333 235 331 245 334 246 335 238 335 236 330 235 328 237
326 240 336 240 333 234 328 246 335 247 336 238 336 235 329 234 325 237
319 242 330 245 327 238 320 248 325 251 330 243 329 240 323 237 320 239
326 241 336 238 328 235 330 246 335 245 334 235 331 234 327 236 327 239
310 265 317 261 311 245 312 265 315 264 319 256 318 249 306 250 306 257
312 262 319 256 306 251 316 262 319 260 318 250 311 246 305 255 306 260
313 262 319 257 306 250 316 262 319 260 318 251 312 247 305 255 307 261
305 247 314 264 314 245 305 254 307 262 320 258 320 251 311 245 308 244
307 262 315 264 310 244 309 265 312 265 320 256 318 248 305 248 305 255
314 264 318 249 310 244 319 260 320 254 315 246 313 243 305 252 307 260
310 262 318 249 312 248 316 262 320 256 316 246 313 245 306 253 306 258
311 265 318 260 310 245 313 265 316 263 320 255 317 248 306 251 306 258
303 251 313 249 307 242 305 257 312 256 313 247 310 244 305 244 304 248
303 252 311 252 305 246 306 255 310 255 311 248 309 245 303 247 302 250
303 251 313 251 304 243 304 257 310 257 312 247 308 243 304 246 303 248
304 248 313 249 307 241 304 255 311 257 311 245 310 241 306 243 304 246
303 248 311 252 309 245 303 253 308 255 311 250 311 247 307 245 304 246
302 252 311 249 302 246 304 255 309 255 309 246 305 244 302 248 301 249
303 252 314 252 306 247 305 257 311 258 314 248 310 246 304 248 303 250
303 250 311 251 311 245 304 255 310 256 311 249 311 247 307 244 304 247
303 250 311 252 310 244 304 255 309 255 311 250 311 247 307 243 304 247
304 252 312 253 309 242 305 256 310 256 312 249 311 245 306 244 304 248
304 252 313 250 308 247 306 257 312 257 313 248 311 247 305 247 304 249
301 249 311 250 308 244 302 255 308 255 311 248 310 246 304 243 302 246
302 254 309 258 308 246 303 257 306 258 314 256 314 249 304 247 302 250
301 254 308 258 307 246 302 257 305 258 313 256 313 249 303 247 301 250
322 254 331 254 327 248 323 260 329 260 331 252 330 249 324 248 322 250
326 253 335 253 332 246 327 259 333 259 335 251 334 248 328 246 326 249
323 252 333 256 332 248 324 257 329 259 333 254 333 251 329 245 325 248
314 253 325 256 320 249 315 260 322 262 325 254 323 251 318 249 315 251
316 261 325 257 317 250 319 261 323 261 324 253 321 251 313 253 313 257
325 255 334 254 327 248 328 257 332 257 334 250 331 247 325 250 324 253
327 257 332 257 332 248 328 257 330 257 334 255 334 251 327 248 324 252
318 254 328 255 323 249 319 260 325 261 328 253 326 250 321 249 318 252
325 252 335 255 333 247 326 257 331 258 335 253 335 250 329 245 326 249
318 255 328 256 326 249 320 260 325 261 328 254 328 252 322 249 319 252
326 255 335 253 331 246 329 260 334 259 335 251 334 248 327 247 325 250
314 257 325 256 317 250 316 262 322 262 324 252 321 249 315 252 314 254
323 252 333 251 330 247 326 258 333 258 333 250 332 248 327 247 324 249
321 257 330 259 322 251 324 259 327 259 330 254 328 249 321 252 321 254
323 256 332 254 323 249 326 259 331 259 330 250 327 248 322 251 322 253
325 253 334 256 333 247 327 257 331 257 334 253 334 250 329 247 326 250
319 254 329 254 324 249 321 260 327 260 329 252 327 249 322 249 319 252
324 256 333 255 332 248 328 258 332 258 333 253 333 251 327 248 324 251
323 252 333 251 329 246 326 259 333 258 332 249 331 247 326 247 324 249
322 253 332 253 327 247 325 259 331 259 332 251 330 248 324 248 323 251
325 253 335 254 332 247 327 257 332 257 335 252 335 249 328 247 326 250
324 259 330 252 323 250 328 259 330 256 329 250 326 249 320 253 320 256
317 262 328 255 316 251 321 264 325 261 325 251 320 247 316 254 316 258
320 252 330 253 325 249 321 259 328 259 329 251 327 250 323 250 321 251
325 256 332 257 332 248 327 257 329 257 334 256 334 252 327 248 324 251
317 254 327 256 323 250 317 260 323 262 327 254 326 251 321 250 318 252
318 255 328 259 322 249 320 259 324 260 329 254 327 249 320 250 319 253
325 252 334 256 329 246 326 256 330 257 335 252 334 248 327 247 325 250
322 253 331 253 327 248 323 259 330 259 331 251 330 249 324 248 322 250
321 255 331 256 328 249 323 260 328 260 331 254 331 251 324 249 322 252
316 255 326 260 323 250 317 261 320 264 327 256 326 253 320 249 317 251
329 257 336 242 329 239 335 256 337 249 334 239 332 237 324 244 322 251
328 259 336 256 330 240 330 259 333 258 337 250 336 244 325 244 323 252
331 257 336 242 326 241 337 255 337 249 333 240 329 238 323 247 324 254
325 255 332 256 325 244 327 256 329 256 337 251 334 242 324 247 324 251
324 212 335 208 327 199 327 213 332 213 335 204 332 201 323 202 323 206
329 214 334 201 325 198 335 212 335 206 331 199 328 197 324 205 323 211
323 206 334 206 327 200 325 213 332 213 333 203 330 200 325 201 323 204
322 207 335 208 328 199 324 213 331 214 335 204 332 200 325 200 323 204
325 214 333 212 329 199 327 214 330 214 333 208 333 203 324 201 323 208
324 214 333 212 329 199 327 214 330 214 335 208 335 203 324 201 323 207
326 216 335 215 328 197 329 216 332 216 335 208 335 201 324 203 323 210
323 208 334 205 328 200 326 213 333 212 334 203 331 201 325 201 323 204
329 215 335 209 324 200 332 215 335 213 335 203 330 197 322 205 323 212
322 207 334 206 329 199 325 214 332 214 334 203 332 200 325 200 323 204
326 214 334 211 330 200 329 214 332 213 334 207 334 203 323 201 322 208
327 218 335 201 328 196 334 217 335 209 334 198 331 196 323 203 323 211
331 259 341 255 330 245 335 259 339 258 341 249 337 244 326 249 326 255
326 257 339 246 327 247 334 259 339 254 336 244 332 244 326 250 325 253
334 259 340 249 330 246 339 259 341 254 338 246 334 244 326 250 328 256
326 249 339 257 339 246 326 256 333 259 341 254 340 250 335 244 329 245
326 254 336 259 338 246 328 258 332 259 340 256 341 251 333 244 326 248
337 258 341 252 337 245 339 257 341 255 341 249 340 246 329 246 328 255
328 255 341 252 328 248 333 259 338 257 339 246 334 244 326 250 326 252
337 259 341 250 332 244 340 257 341 254 340 246 337 244 328 250 329 257
337 259 341 253 330 246 339 259 340 256 340 248 336 244 326 252 329 258
327 254 341 253 334 246 331 259 337 259 341 249 338 246 330 246 328 250
332 259 340 257 327 247 334 259 337 259 340 249 335 244 326 251 326 256
326 256 339 248 326 249 332 259 339 256 335 245 331 244 324 251 324 253
328 253 340 247 333 244 333 258 340 256 339 245 336 244 329 246 327 250
332 258 341 251 330 246 336 258 340 256 340 246 336 244 327 250 328 254
333 259 341 252 330 245 337 259 340 256 340 247 336 244 327 250 328 255
326 254 337 259 338 246 328 258 332 259 341 255 341 250 333 244 327 248
331 259 339 259 339 246 333 259 336 259 341 255 341 251 331 246 326 252
328 255 341 255 338 246 331 259 337 259 341 252 341 248 333 244 326 249
358 278 366 276 362 262 360 278 363 277 367 271 367 266 355 264 354 271
357 277 367 273 362 263 360 277 364 276 367 269 366 265 355 264 354 271
354 274 363 272 358 261 357 275 361 275 364 268 363 263 354 263 353 268
354 267 365 267 359 262 356 275 363 275 365 265 362 263 357 262 355 265
354 271 364 273 362 265 354 277 360 279 364 271 364 268 357 263 354 265
357 278 364 275 362 260 359 278 362 278 365 270 365 265 355 263 354 270
356 275 363 275 356 264 357 276 360 276 366 268 362 262 354 267 354 271
353 271 363 271 362 265 355 277 361 278 363 269 363 267 358 263 354 267
359 275 366 266 355 261 363 274 366 271 363 263 359 260 352 266 353 273
353 272 363 272 358 263 355 277 360 277 363 268 362 265 354 265 354 269
355 275 367 271 359 261 359 276 363 274 367 267 364 263 356 264 354 269
356 276 364 273 359 259 358 276 361 275 366 269 365 263 352 263 352 270
357 276 365 271 354 264 360 276 364 275 365 265 360 261 353 268 354 273
354 265 363 275 363 263 354 271 357 277 365 271 365 267 360 261 356 262
354 268 364 268 360 261 356 275 363 275 364 266 363 263 357 262 354 265
353 267 366 268 356 261 354 274 361 275 364 264 360 261 354 262 353 265
356 275 363 275 355 264 357 276 360 276 366 269 362 262 354 267 354 271
359 278 365 274 355 262 362 278 365 277 365 267 362 260 353 267 354 273
358 279 365 276 362 261 360 279 363 279 366 271 366 266 356 264 355 271
354 269 360 276 357 263 354 273 356 276 366 273 365 266 355 264 354 267
358 277 366 274 357 261 360 277 363 277 367 268 364 262 354 265 354 271
355 275 367 269 356 264 360 276 365 274 365 267 360 263 354 267 354 271
353 268 365 268 356 261 355 275 362 275 364 264 360 261 354 263 353 265
354 272 365 271 355 265 356 277 361 277 363 266 359 263 354 266 354 269
359 278 366 273 357 260 362 278 365 276 366 267 363 261 353 266 354 273
306 265 317 262 311 257 309 270 316 268 316 260 314 258 307 258 305 262
310 267 321 270 316 260 311 272 317 272 321 266 320 262 312 260 311 264
310 268 320 271 319 263 311 273 316 275 320 269 320 266 316 261 311 264
310 269 321 270 315 261 311 274 317 274 321 266 319 262 311 262 310 265
309 266 320 268 318 260 310 272 316 273 320 266 320 263 314 258 309 261
308 264 319 263 313 258 311 272 318 271 318 261 316 259 311 259 309 262
309 267 319 267 315 258 311 273 317 273 319 264 318 260 311 260 309 263
311 269 320 270 315 261 312 274 317 274 320 266 319 263 312 262 311 265
305 266 317 267 305 259 308 271 313 271 317 260 312 256 304 260 304 263
304 263 316 264 311 256 306 269 313 270 316 261 315 257 308 256 304 260
304 263 315 262 310 256 306 269 313 269 315 260 313 257 307 257 304 260
310 267 321 265 314 261 313 275 320 273 320 263 317 261 312 262 311 265
311 272 318 267 313 256 314 272 317 271 318 263 317 259 309 258 308 265
309 268 319 272 311 261 311 272 315 273 320 266 318 259 310 263 309 266
307 265 318 264 309 257 309 271 316 271 317 260 313 257 307 259 306 262
309 266 319 264 315 258 312 272 318 271 319 262 318 259 312 259 309 262
312 276 319 274 314 258 314 276 317 276 320 268 320 261 309 262 309 269
307 268 317 263 312 258 311 270 316 269 317 261 315 259 307 259 306 263
321 274 329 276 320 264 323 276 326 276 331 270 329 262 318 267 319 271
329 277 337 276 326 265 331 277 334 277 338 268 333 262 325 269 325 274
327 276 333 269 325 263 330 276 333 273 333 265 329 262 320 267 321 273
329 278 333 261 325 261 335 276 335 269 331 260 328 259 322 267 322 273
332 280 338 264 332 258 338 278 339 271 337 261 335 258 326 266 325 273
328 279 337 276 329 259 331 279 334 279 337 270 335 263 323 265 323 273
327 276 339 272 337 264 331 277 336 277 339 270 339 267 330 263 325 268
330 278 337 276 329 263 332 278 335 278 338 269 336 262 325 267 325 273
325 278 332 274 326 260 327 278 330 277 333 269 331 264 319 263 318 271
320 269 334 272 329 262 323 275 329 276 334 268 332 264 325 263 321 265
327 276 335 276 327 264 329 276 332 276 338 270 335 263 325 267 325 271
328 280 337 277 329 259 331 280 334 279 338 270 336 263 323 266 323 274
333 277 340 269 325 265 336 277 340 273 337 264 330 261 323 270 326 277
325 277 334 271 327 261 329 278 333 276 334 266 332 261 321 265 320 270
333 280 339 264 331 260 339 278 339 271 337 261 334 259 326 267 327 275
321 262 330 260 324 244 324 262 327 262 331 254 330 247 316 248 315 256
320 262 328 260 327 247 322 262 325 262 330 257 330 252 318 246 316 254
316 253 329 258 330 247 318 259 323 260 333 256 333 251 324 244 317 247
322 260 331 258 322 241 325 260 328 260 331 251 330 244 316 247 315 254
316 258 329 259 317 246 320 262 324 262 330 252 325 245 314 250 314 253
315 255 326 257 316 244 318 257 322 257 328 250 325 243 315 248 314 251
319 259 329 259 317 248 322 260 325 260 330 251 325 245 316 251 317 255
315 255 325 257 327 244 317 257 321 257 328 253 328 248 319 242 315 246
318 260 328 259 328 245 321 260 324 260 331 255 331 250 319 243 316 251
324 262 330 252 317 250 328 261 330 257 326 248 321 247 315 255 317 261
323 262 330 258 321 241 326 262 329 261 330 251 329 244 315 248 315 256
323 260 328 244 320 242 329 257 329 251 326 242 323 242 315 248 315 255
322 260 330 258 327 245 324 260 327 259 331 254 331 249 318 245 316 254
323 262 330 255 325 244 326 262 329 259 330 251 328 247 316 248 316 256
317 260 327 261 327 248 319 262 323 262 330 258 330 253 319 246 316 252
323 263 331 259 323 242 326 263 329 262 331 253 329 246 316 249 316 257
317 256 327 260 319 246 319 260 323 260 331 253 327 246 317 249 316 252
317 261 325 262 328 249 319 262 322 262 329 259 329 254 320 247 316 253
315 253 329 255 327 244 318 258 323 258 330 251 330 247 321 242 315 247
334 278 344 281 336 266 337 281 340 281 346 274 344 267 334 269 334 273
334 273 346 277 342 265 334 278 340 280 346 273 346 269 338 265 334 269
334 272 345 273 337 267 335 278 341 278 345 269 341 267 335 267 334 269
334 270 345 278 343 266 334 276 338 280 345 274 345 270 340 264 336 266
333 274 344 271 339 266 336 278 343 278 344 269 342 267 335 267 332 271
334 272 345 273 338 266 335 278 342 279 345 269 342 265 335 267 334 269
334 269 346 272 341 266 334 276 341 278 346 270 344 267 339 266 336 267
285 273 293 271 288 256 287 273 290 273 293 265 292 259 282 260 281 267
280 278 288 261 280 257 286 275 289 268 286 258 283 256 275 264 275 271
277 269 291 270 287 261 280 275 286 274 291 267 290 264 282 260 279 264
286 276 293 263 284 256 291 274 293 269 290 261 288 259 279 264 279 273
281 266 289 273 289 260 282 270 285 273 294 271 294 265 285 261 282 263
283 278 292 274 286 257 286 277 289 276 294 268 293 262 281 262 280 270
285 273 294 263 281 260 290 273 294 269 290 258 285 257 280 265 281 271
286 274 294 272 289 255 288 274 291 274 295 267 295 260 282 260 281 267
279 274 290 272 279 263 282 275 286 275 291 266 285 260 277 266 277 270
279 268 289 275 291 262 281 272 285 275 292 272 292 267 286 261 281 263
281 274 289 274 281 263 283 275 286 275 292 267 288 260 280 266 280 270
283 276 290 274 285 257 285 276 288 276 292 268 290 262 279 263 279 270
286 276 293 271 285 260 289 276 292 275 293 265 291 259 281 264 281 270
280 266 291 274 292 265 281 271 285 274 292 271 292 268 289 261 284 261
284 274 292 273 286 261 286 274 289 274 294 268 292 263 281 264 280 269
286 278 294 273 287 258 289 278 292 276 294 267 293 261 281 263 281 271
276 268 287 274 289 263 277 272 282 275 291 271 291 267 284 260 278 263
283 276 291 263 283 259 289 275 292 269 289 260 287 257 279 264 279 270
284 276 290 263 279 262 290 274 291 268 286 260 282 258 277 267 278 274
282 275 292 270 283 261 286 276 290 275 292 265 289 260 278 265 277 269
284 276 290 270 281 260 286 276 289 273 290 265 287 261 275 266 276 272
288 280 294 273 286 255 291 279 292 276 294 266 292 259 281 264 282 272
280 266 288 273 288 259 281 270 284 273 293 270 293 264 284 259 281 262
285 274 293 269 284 261 289 275 293 273 293 264 290 259 281 264 281 269
281 268 293 268 287 260 285 273 291 273 293 264 291 261 283 261 281 264
281 277 289 263 282 258 286 275 289 270 288 261 285 258 276 264 275 271
352 282 357 267 349 264 358 280 359 273 355 265 352 264 346 271 345 278
345 273 357 279 357 267 346 279 351 280 362 276 362 271 351 263 345 267
352 281 357 267 346 271 359 279 360 272 352 264 348 265 345 275 346 281
349 282 358 276 351 261 352 282 355 279 358 271 356 265 345 268 345 275
351 280 355 269 345 269 356 279 356 274 351 266 347 265 344 274 345 280
349 282 356 274 348 265 353 282 356 278 356 269 354 264 344 271 344 277
341 274 354 276 349 265 344 280 349 281 354 272 353 268 345 267 342 270
347 281 355 280 353 265 349 281 352 281 357 275 357 270 346 267 345 274
349 280 356 279 357 267 351 280 353 280 358 275 358 271 348 264 345 272
344 280 352 280 352 267 346 280 349 280 353 276 353 272 344 267 341 273
346 282 354 280 352 265 348 282 351 282 355 275 355 270 344 267 342 274
350 282 357 280 354 265 352 282 355 282 358 275 358 270 346 267 345 275
347 280 355 279 355 263 349 280 352 280 358 274 358 269 347 265 344 272
347 281 354 280 345 269 349 281 351 281 356 273 351 265 344 273 344 278
347 281 356 279 353 265 350 281 353 281 356 275 356 270 345 266 344 274
351 280 358 268 351 263 356 279 358 274 357 266 354 263 345 269 345 276
348 282 356 278 351 261 350 282 353 281 358 272 356 266 345 268 345 275
344 274 356 276 351 266 346 280 352 280 356 272 355 268 347 266 345 270
348 281 356 280 346 267 350 281 353 281 356 273 354 266 344 272 344 276
347 282 354 280 353 265 349 282 352 282 356 275 356 270 344 267 343 275
346 282 353 280 346 266 348 282 351 282 355 274 353 267 342 271 342 276
351 281 357 270 345 267 356 279 358 275 353 267 349 265 344 273 345 280
348 282 355 281 351 264 350 282 352 282 356 275 356 269 344 269 343 275
350 282 358 268 350 263 356 279 360 275 356 267 353 264 345 269 345 277
348 280 357 277 353 263 351 280 354 279 358 272 358 267 346 266 345 273
339 272 350 270 346 264 342 277 349 277 350 268 349 265 342 265 339 268
337 270 350 275 342 264 338 276 344 277 350 270 348 264 340 265 337 268
335 277 345 274 333 266 339 277 343 277 345 268 340 264 330 269 330 274
339 272 350 270 346 264 342 277 349 277 350 268 349 265 342 265 339 268
340 278 350 274 338 266 344 279 349 279 350 268 345 264 335 269 335 274
333 276 345 275 334 266 337 277 341 277 345 269 341 264 331 268 331 272
335 277 345 273 331 268 339 277 343 276 344 266 338 264 330 271 331 275
333 277 343 272 335 264 337 277 341 276 343 267 340 264 330 268 328 272
335 277 345 273 331 268 339 277 343 276 344 266 338 264 330 271 331 275
328 272 341 273 337 264 332 277 338 277 341 269 341 265 333 264 329 268
338 278 348 274 336 266 342 279 347 278 348 268 343 264 333 269 333 274
326 270 341 269 335 264 331 277 339 277 341 266 339 264 332 264 329 267
339 272 350 270 346 264 342 277 349 277 350 268 349 265 342 265 339 268
337 270 350 275 342 264 338 276 344 277 350 270 348 264 340 265 337 268
339 272 350 270 346 264 342 277 349 277 350 268 349 265 342 265 339 268
338 278 349 277 337 266 342 279 346 279 350 269 345 264 335 269 335 273
326 268 340 274 337 264 327 274 334 277 341 270 340 266 333 264 329 265
339 268 350 270 345 264 340 276 348 277 350 267 349 264 343 264 340 266
330 274 344 274 344 266 334 277 339 277 345 272 345 269 338 264 331 267
336 278 346 272 337 264 341 279 346 278 346 267 343 264 332 268 331 272
339 268 350 270 345 264 340 276 348 277 350 267 349 264 343 264 340 266
344 277 350 270 346 264 348 277 350 274 350 268 349 265 339 267 337 274
339 277 347 279 339 266 341 278 344 279 350 273 348 264 337 269 337 273
336 278 346 273 335 265 341 279 346 279 346 267 342 264 331 269 331 273
332 274 346 273 333 267 338 277 344 277 346 266 340 264 331 269 331 271
339 272 344 277 346 264 339 275 341 277 350 276 350 269 342 264 339 267
339 272 350 271 344 264 342 277 348 277 350 267 348 264 341 265 339 268
347 258 355 255 353 242 350 258 353 257 356 251 356 247 345 243 343 250
347 257 355 255 352 242 349 257 352 257 355 251 355 246 345 243 343 250
350 257 356 252 352 242 352 257 355 255 356 248 355 244 345 244 343 252
344 256 354 256 343 245 347 257 350 257 355 248 351 242 342 248 343 252
347 257 354 255 350 241 349 257 351 257 355 250 355 245 344 244 343 251
346 256 354 257 347 242 348 257 351 257 357 250 355 242 344 246 344 250
346 256 356 252 348 242 350 257 354 257 356 247 354 242 344 246 344 250
317 269 327 267 323 261 321 275 327 274 327 265 326 262 319 262 318 266
316 272 326 275 320 266 317 277 322 278 326 271 325 267 318 267 316 270
317 266 327 266 320 260 319 271 325 271 327 263 324 260 318 261 317 264
317 268 327 268 321 261 319 274 325 274 327 265 325 261 318 263 317 265
317 270 327 269 321 264 319 277 326 277 327 267 324 265 318 265 317 268
317 268 329 273 323 262 318 273 323 275 329 269 328 265 320 262 318 265
318 269 328 267 322 264 321 275 328 274 328 265 325 264 320 264 318 267
317 267 325 272 321 262 318 271 321 272 327 268 327 263 319 262 318 265
317 270 327 271 320 264 318 276 325 277 327 267 324 264 318 265 317 268
317 271 326 272 323 265 318 277 324 278 326 270 325 267 319 265 317 268
316 274 326 274 321 267 318 278 323 278 326 271 325 268 318 267 316 271
317 273 327 270 321 264 320 278 326 277 327 268 324 265 318 266 317 269
317 265 327 270 326 262 317 270 322 272 327 268 327 265 323 261 319 262
317 270 327 271 324 263 319 277 326 277 327 269 327 266 320 264 318 267
316 265 326 266 324 260 318 271 324 272 326 264 326 262 320 260 317 262
317 266 328 266 322 260 319 274 327 274 327 263 325 260 320 261 318 264
318 273 329 269 322 261 323 275 328 274 329 266 326 263 318 263 318 267
318 271 327 272 321 265 319 275 324 275 327 268 325 265 319 266 318 268
318 270 327 272 325 265 319 275 324 275 327 270 327 267 321 264 318 267
305 269 312 267 310 261 307 269 310 269 312 265 312 262 305 260 303 263
307 264 316 265 315 259 309 270 314 271 316 263 316 261 311 257 308 260
311 264 319 270 316 259 312 268 315 270 323 267 323 261 314 259 311 262
312 264 320 270 317 259 313 268 316 270 324 267 324 261 315 259 312 262
298 265 308 267 301 259 299 270 304 271 308 263 306 259 299 260 298 262
305 269 313 268 306 260 307 269 310 269 314 264 311 260 304 262 304 266
300 268 309 267 307 260 302 270 306 270 309 265 309 262 302 258 299 263
318 270 324 267 319 258 320 270 322 270 324 263 323 259 314 260 312 266
318 271 324 268 319 259 320 271 322 271 324 264 323 260 313 261 312 267
307 263 318 263 312 258 309 270 316 270 318 260 315 258 310 259 307 261
307 263 318 263 312 258 309 270 316 270 318 260 315 258 310 259 307 261
303 269 310 268 309 261 305 269 308 269 310 266 310 263 304 260 301 264
308 268 315 265 308 258 311 268 314 268 315 261 312 259 304 262 304 266
310 265 321 264 316 259 313 270 320 270 321 262 319 259 313 259 310 262
306 263 316 266 314 258 307 268 312 269 316 264 316 261 310 257 307 260
315 270 321 267 316 258 317 270 319 270 321 263 320 259 310 260 309 266
300 267 310 264 304 258 303 270 309 270 310 262 307 259 301 260 300 263
307 264 319 264 312 258 310 270 316 270 319 261 316 258 309 259 307 262
309 264 320 265 313 259 311 270 317 270 320 261 317 259 311 260 309 262
297 266 307 267 300 259 298 271 303 271 307 263 304 260 298 261 297 263
