275 246 286 249 281 244 275 254 281 256 286 246 284 244 278 244 275 244
277 256 286 247 274 245 282 255 285 252 283 244 279 244 273 248 275 252
280 252 288 246 282 242 284 252 287 250 288 244 285 243 276 243 276 248
275 256 283 252 280 244 278 258 282 256 286 249 285 244 274 245 273 250
267 253 282 253 271 246 272 259 278 259 282 248 277 246 268 248 267 250
281 252 288 246 283 242 285 252 288 250 288 244 285 243 277 242 276 248
276 246 286 249 284 244 276 252 282 254 286 247 286 245 280 242 276 243
269 258 280 256 275 246 273 263 278 262 282 251 281 246 269 246 266 251
277 252 287 249 280 241 281 252 285 252 287 245 284 242 276 243 276 247
276 247 286 246 280 242 278 253 285 253 286 243 284 242 278 242 276 244
276 246 286 249 281 244 276 253 282 256 286 246 285 244 279 244 276 244
274 258 282 256 275 246 277 261 280 260 284 250 282 244 271 247 271 252
277 255 286 246 275 244 282 255 285 252 283 244 279 244 273 247 275 251
276 247 286 248 281 242 276 253 283 254 286 245 285 242 279 242 276 245
268 256 281 255 274 246 272 261 278 261 282 250 280 246 269 246 267 250
280 252 290 248 283 241 284 252 288 251 290 244 287 242 278 241 278 247
276 247 288 249 284 241 278 253 285 254 288 246 287 243 280 241 276 244
278 254 286 246 280 244 282 254 286 251 286 244 283 244 275 244 275 249
278 248 288 248 282 241 279 254 286 254 288 244 286 242 279 241 278 244
278 245 289 251 287 242 278 251 283 254 291 248 291 244 283 241 279 241
273 257 281 255 275 246 276 259 280 259 282 251 281 246 270 247 269 251
281 254 290 250 284 241 284 254 287 252 290 246 289 242 278 242 278 248
273 256 282 255 275 245 276 259 280 259 284 249 282 244 271 247 271 251
276 259 282 251 278 246 279 257 280 254 282 249 280 247 271 246 269 253
268 260 280 256 275 246 273 263 278 262 281 251 281 246 268 247 264 252
273 248 284 249 281 244 275 255 282 256 284 247 283 245 278 244 274 245
273 256 282 257 281 244 275 259 279 259 283 252 284 247 275 244 273 249
276 247 286 245 281 242 279 254 284 251 286 243 284 242 279 242 276 245
266 276 272 273 266 254 269 277 272 276 272 265 271 257 262 260 264 268
266 278 272 280 269 259 266 280 269 281 272 273 272 265 264 263 264 270
266 264 270 282 273 263 266 271 266 278 274 278 274 271 270 262 267 262
267 277 272 273 270 255 270 277 272 276 272 267 271 261 262 261 264 269
294 265 305 274 303 263 294 271 299 275 306 270 305 266 300 262 296 262
296 274 302 276 302 262 296 276 299 277 304 273 303 267 296 261 294 267
292 270 304 270 295 260 296 275 301 275 304 265 301 260 291 263 291 266
291 267 302 271 302 263 293 272 298 274 302 269 302 266 299 260 293 262
289 253 299 275 298 254 289 262 292 271 300 269 299 262 296 252 292 251
291 266 302 267 300 260 294 273 301 274 302 265 302 262 296 260 292 262
293 274 304 273 293 263 297 275 301 275 304 267 300 262 292 266 292 270
297 277 304 274 300 260 300 277 303 276 304 269 304 264 294 263 294 270
291 268 302 267 299 262 294 274 301 274 302 265 302 262 295 262 292 265
292 272 303 273 300 260 295 274 299 274 304 268 304 263 294 260 291 265
294 267 300 268 292 260 294 272 300 274 300 262 298 257 292 261 292 264
296 275 302 274 296 259 298 275 300 275 302 267 302 260 294 263 294 269
294 269 306 274 302 260 296 274 301 275 306 270 305 265 298 260 294 264
291 266 302 267 300 260 294 273 301 274 302 265 302 262 296 260 292 262
296 274 302 273 296 257 298 275 301 275 302 266 302 259 292 261 294 267
291 272 300 273 292 261 294 274 297 274 304 267 301 259 291 264 291 268
294 266 300 265 297 259 296 271 300 271 300 263 299 261 293 259 292 262
294 274 306 270 298 262 299 275 304 275 305 266 302 262 294 264 294 269
291 256 295 274 298 256 291 262 292 268 300 272 300 264 296 255 293 255
291 273 301 274 292 261 294 274 297 274 302 266 300 260 291 264 291 268
285 249 295 250 293 241 286 255 292 256 297 246 297 242 289 242 287 246
283 256 289 253 286 235 286 256 289 256 290 246 291 238 280 239 282 247
286 251 297 247 290 239 290 252 295 251 297 242 295 239 287 242 285 246
287 238 291 256 295 237 287 245 287 252 294 252 295 245 292 237 289 237
283 257 291 255 288 237 286 258 289 258 290 248 291 242 282 241 282 249
281 259 287 255 283 238 284 259 287 258 287 248 288 241 278 243 278 251
281 259 287 255 287 237 284 259 287 258 287 249 290 243 280 242 280 250
285 256 292 255 291 237 287 256 290 256 292 249 295 242 285 241 285 248
288 259 295 242 288 245 294 257 295 250 293 241 290 242 287 251 285 256
288 259 297 247 293 241 294 258 296 253 297 245 296 242 287 245 285 252
290 250 297 242 287 238 293 248 297 246 296 238 292 237 285 242 285 247
286 260 294 260 296 245 288 261 291 261 297 255 297 250 289 244 285 251
289 256 294 251 292 235 292 256 294 254 294 245 295 239 285 241 285 249
288 259 294 255 289 239 291 259 294 258 294 248 295 240 285 243 285 251
278 260 285 257 284 239 281 261 284 260 286 250 288 244 276 242 276 250
287 256 293 241 289 235 292 255 292 248 293 239 292 236 285 243 283 250
289 256 294 253 291 237 291 256 294 256 295 247 295 240 285 242 285 249
285 244 296 245 289 239 286 251 293 251 297 241 294 239 287 239 285 242
285 256 292 256 290 235 287 258 290 258 292 249 293 241 285 240 285 248
284 259 291 256 290 237 287 259 289 258 291 250 293 243 283 242 283 250
285 244 295 241 289 239 288 250 295 248 295 239 292 239 287 239 285 242
287 261 292 258 291 241 289 261 292 261 292 252 293 246 285 247 285 254
274 261 283 261 281 242 277 263 280 263 285 254 286 247 274 246 273 253
280 251 284 272 288 252 280 259 280 267 287 267 287 260 286 250 283 250
280 266 286 262 284 246 283 266 285 265 287 257 288 250 278 251 276 259
277 263 285 259 278 244 280 263 283 262 286 252 285 245 273 248 273 256
273 257 279 259 280 242 273 259 276 259 282 254 284 247 273 244 271 250
269 258 279 243 272 239 276 258 279 251 277 241 275 239 266 244 264 251
271 257 280 254 275 241 274 258 278 258 282 249 282 242 269 242 269 249
274 260 282 259 278 242 277 261 280 261 284 252 284 245 273 245 273 253
273 255 282 251 281 244 277 256 280 254 282 249 282 246 274 241 269 247
264 254 277 244 271 239 271 256 277 252 277 241 275 239 264 241 262 247
270 256 278 256 270 240 272 256 275 256 279 248 278 240 266 244 266 251
280 270 285 265 283 246 283 270 285 268 286 258 286 251 279 253 278 261
278 266 285 263 283 246 281 266 283 265 287 256 288 249 275 249 275 257
278 266 285 263 283 246 281 266 283 265 286 257 286 250 276 249 276 257
270 256 279 253 276 239 273 256 276 255 279 248 279 243 268 242 267 249
267 254 278 254 268 241 270 256 274 256 279 247 276 241 266 245 266 249
278 266 286 266 284 246 280 268 283 268 286 259 286 252 278 250 278 258
267 254 274 255 277 239 268 255 271 256 278 252 279 245 269 239 266 246
270 255 281 255 277 241 273 258 277 258 284 249 283 243 271 242 269 248
278 263 285 260 282 241 281 263 284 262 286 253 286 246 275 247 275 255
280 268 287 264 285 246 283 268 286 267 288 257 288 250 278 251 278 260
279 268 287 266 285 250 281 268 284 268 287 260 288 254 279 254 278 261
275 261 283 262 280 244 277 263 280 263 285 255 286 247 274 247 273 253
282 270 288 255 284 250 287 268 287 262 288 253 287 250 280 256 278 263
277 266 283 261 283 244 280 266 283 264 285 256 286 249 276 248 275 257
294 288 300 284 298 271 296 288 299 287 300 280 300 275 291 274 289 281
291 289 296 287 296 273 293 290 295 289 298 283 298 277 290 275 289 281
295 288 300 285 292 271 297 288 299 287 300 279 298 272 289 275 291 281
292 281 299 289 300 276 292 286 294 291 300 285 300 281 297 273 292 277
292 279 300 279 294 272 292 286 299 286 300 275 298 272 292 273 292 276
292 287 300 287 296 269 294 288 297 288 300 281 300 275 291 273 291 280
293 280 300 280 298 274 293 286 300 287 300 278 300 276 296 273 292 277
291 284 302 282 296 275 294 288 300 288 302 278 300 275 292 276 292 280
295 288 300 275 294 272 299 286 300 281 299 273 297 271 290 278 289 284
294 281 300 282 300 276 294 287 299 288 300 280 300 278 297 273 294 276
292 282 295 288 298 272 292 284 292 287 300 285 300 278 294 273 292 277
293 286 300 284 299 271 295 286 298 286 300 280 300 276 292 272 292 279
292 280 300 285 296 274 292 285 295 288 302 280 301 275 294 275 294 278
290 287 299 287 291 274 293 288 296 288 300 280 299 273 289 277 289 282
291 282 300 282 296 273 292 288 298 288 300 279 299 275 292 275 291 278
289 279 300 281 297 271 291 285 298 286 300 277 300 273 293 273 291 276
290 287 298 288 291 275 292 288 295 288 300 280 298 273 289 278 289 282
248 242 257 256 255 240 248 249 249 256 261 252 261 245 253 239 249 239
248 248 255 263 256 246 248 254 250 260 260 261 261 254 253 244 250 246
248 242 258 257 255 241 248 249 250 257 261 252 260 246 253 239 250 240
237 254 246 253 244 237 240 254 243 254 250 247 250 240 237 238 237 246
246 240 257 254 254 239 248 247 249 254 259 249 259 243 251 239 248 239
246 240 260 253 254 239 248 248 251 256 261 248 260 242 251 239 248 239
241 244 250 249 250 237 241 249 245 252 255 247 255 241 245 235 241 238
250 251 259 244 254 237 254 252 259 250 259 241 257 239 248 240 248 245
239 251 246 252 245 237 240 254 244 254 251 247 251 240 238 238 237 244
248 239 256 251 257 240 248 245 249 252 258 248 258 244 253 238 250 237
239 245 248 251 248 237 239 250 243 254 254 248 254 241 243 237 239 239
254 266 261 253 253 248 259 264 261 259 259 251 257 248 246 254 246 262
248 266 257 266 259 251 251 266 254 266 261 262 261 256 250 250 246 257
248 246 258 260 254 244 248 253 251 260 263 255 260 249 251 242 248 244
248 247 259 261 255 244 248 254 251 261 261 256 260 250 252 244 249 245
246 238 253 251 254 239 246 245 246 252 256 248 256 243 252 237 248 237
242 244 251 249 249 237 242 249 245 252 256 247 255 240 245 235 242 238
248 248 258 263 256 246 248 256 250 263 261 259 261 253 253 246 250 246
244 249 250 252 252 237 244 252 247 252 256 248 256 242 245 236 244 242
248 240 259 251 258 241 248 247 252 252 259 248 259 244 255 238 251 238
232 257 241 257 240 239 235 259 238 259 244 250 247 242 232 240 232 248
249 246 257 260 256 244 251 252 251 259 262 256 262 249 253 241 249 243
233 259 241 256 239 239 236 259 239 259 244 250 245 243 230 242 230 251
235 250 244 252 243 239 237 255 242 256 250 247 250 240 238 237 235 243
235 256 244 255 241 239 238 256 241 256 246 249 247 241 234 239 234 247
244 259 261 260 248 251 248 266 256 266 261 253 255 251 245 253 244 255
248 243 256 259 257 243 248 250 250 257 261 256 261 249 255 241 251 241
248 250 258 245 250 237 252 252 257 250 257 241 254 239 246 239 246 244
248 246 258 260 255 243 250 253 251 260 263 256 260 249 253 242 249 243
288 270 299 287 296 270 288 278 291 286 303 281 303 275 293 269 290 269
291 280 303 263 294 258 298 279 303 271 301 260 298 258 288 265 287 272
292 285 300 286 300 274 292 289 296 289 305 282 305 277 294 272 291 278
291 284 298 289 295 272 292 288 295 290 304 282 303 275 291 274 291 278
294 289 300 291 296 271 295 291 298 292 302 284 304 276 292 275 292 282
293 291 299 287 294 271 296 292 298 291 303 280 301 273 290 275 291 283
286 270 297 286 294 270 287 278 290 286 302 280 301 273 291 268 288 268
290 282 299 280 294 263 293 283 296 283 301 273 301 266 287 267 286 274
290 282 300 278 296 261 293 282 296 281 302 271 302 264 288 265 286 273
286 268 296 286 295 267 286 275 289 283 300 279 300 272 292 267 289 267
291 284 299 281 293 266 294 284 297 284 300 274 300 267 286 268 286 276
290 270 300 288 298 272 290 278 293 287 304 282 304 276 295 270 292 270
292 283 299 288 296 271 293 286 296 289 303 282 303 275 292 272 292 277
291 286 298 288 298 274 292 290 296 291 303 283 304 277 292 274 290 279
293 289 300 290 295 271 294 291 297 291 302 283 303 275 291 275 292 282
291 291 297 291 298 275 292 294 295 294 299 285 303 278 290 276 290 283
292 283 297 288 294 270 293 285 294 288 302 282 302 274 291 272 291 277
263 232 284 222 266 221 271 235 283 230 278 217 271 215 263 225 263 228
263 223 285 230 269 216 264 233 275 233 283 223 276 219 265 217 263 219
267 238 275 238 269 221 269 239 272 239 276 232 275 225 265 224 265 231
262 223 282 232 280 223 263 232 272 234 283 229 283 226 273 219 265 217
269 236 277 235 267 220 271 236 274 236 279 227 274 220 266 224 267 230
264 236 272 236 270 221 266 237 269 237 274 231 274 226 263 222 262 228
270 234 279 231 271 211 273 234 276 234 281 223 279 214 267 216 268 225
270 233 279 233 273 213 273 234 276 234 282 225 280 217 268 217 268 225
271 234 279 233 270 217 273 234 276 234 279 225 278 217 267 221 267 228
261 224 286 232 280 221 264 234 275 234 286 228 284 224 272 216 264 217
263 227 274 231 274 225 265 234 271 237 274 229 274 227 270 223 265 223
261 224 282 228 276 220 263 232 274 232 282 225 280 223 269 218 262 219
260 232 284 227 276 217 267 235 278 234 283 223 280 219 268 218 263 225
263 232 282 220 267 222 272 235 283 230 277 217 272 217 265 225 264 229
269 236 278 222 272 219 276 235 279 229 278 220 275 219 267 225 264 232
265 230 281 219 269 221 271 235 283 231 277 217 272 216 267 224 266 227
272 235 279 218 269 218 279 233 280 226 276 217 273 217 267 225 266 232
263 231 284 222 275 216 270 235 280 232 281 219 278 217 269 220 265 226
264 230 285 224 277 217 271 234 281 232 283 222 280 219 271 219 266 225
258 221 276 229 272 221 259 229 268 232 276 226 275 223 267 218 262 218
265 220 272 240 274 221 265 227 266 235 276 235 276 228 271 219 268 219
258 224 278 229 274 221 262 231 271 232 278 226 277 223 268 219 261 219
263 230 286 229 280 219 268 235 279 234 286 226 284 222 272 217 265 222
267 237 274 239 268 221 268 239 271 239 277 231 276 223 265 225 266 231
300 302 308 286 301 280 305 300 308 293 308 283 305 282 293 286 292 295
293 293 300 292 291 269 295 295 299 295 300 283 299 274 287 275 288 284
298 302 308 300 298 280 301 302 304 302 309 291 308 282 294 285 294 294
295 300 303 300 296 279 298 301 301 301 306 292 304 283 293 284 293 292
294 295 300 289 291 267 297 295 300 293 300 281 297 273 289 276 289 285
283 263 293 291 293 263 283 274 286 285 297 283 297 273 290 261 286 260
288 287 296 282 289 261 292 287 295 285 296 273 296 264 282 267 283 278
287 264 293 293 295 266 287 274 289 285 299 287 299 277 294 262 290 261
286 285 295 282 287 260 289 285 293 285 298 274 295 266 280 266 280 276
292 276 301 300 301 277 292 285 293 295 306 294 305 286 298 273 294 274
298 299 306 295 302 279 301 299 304 297 306 289 306 283 295 284 295 292
300 302 308 297 298 279 303 302 306 301 308 289 306 282 294 287 294 295
299 304 308 300 299 280 302 304 305 304 308 292 307 284 292 286 292 296
297 300 305 299 301 279 300 301 303 301 308 291 308 283 295 282 295 291
300 301 307 295 296 279 303 301 304 298 307 289 303 282 292 286 292 294
296 296 304 297 298 277 298 297 301 297 306 289 304 281 295 282 295 289
288 289 297 285 288 260 291 290 295 289 297 276 296 267 283 267 284 278
294 297 302 296 295 276 297 298 300 298 302 289 301 281 291 281 291 289
301 303 310 299 300 278 304 303 307 301 310 291 307 283 294 285 294 295
295 295 303 292 299 275 298 295 301 294 305 286 305 279 292 278 292 287
297 304 305 299 296 279 300 304 304 303 307 290 304 283 291 287 291 295
296 302 305 299 298 278 299 302 302 302 305 291 305 283 291 284 291 293
292 277 300 299 301 277 293 285 294 294 304 293 304 285 298 274 294 275
288 274 298 296 297 273 288 283 291 292 301 290 300 282 294 271 290 272
298 296 305 293 298 275 301 296 304 296 306 286 305 278 292 278 295 287
298 304 308 300 300 281 301 304 305 303 310 292 308 284 295 286 294 295
298 301 307 298 303 278 301 301 304 301 308 291 308 283 296 282 296 291
283 268 292 265 286 257 286 268 289 267 292 261 290 259 281 259 281 264
281 264 292 267 286 258 281 269 286 270 293 263 292 258 284 259 282 262
280 265 291 266 289 260 282 271 288 273 291 264 291 262 284 258 280 260
281 265 292 267 285 259 282 270 286 271 293 262 291 258 283 260 281 263
280 265 291 266 285 258 283 271 289 272 291 263 289 260 282 258 280 261
282 267 293 266 284 260 284 272 289 271 293 261 290 258 282 262 282 264
280 267 288 271 287 259 281 271 284 274 290 267 290 262 282 259 280 262
281 279 287 276 288 263 283 279 286 279 287 272 288 268 281 264 279 271
281 265 290 267 285 258 283 270 287 271 292 263 291 258 283 260 282 263
280 275 287 274 284 259 282 276 285 276 290 268 290 261 280 262 278 268
282 270 291 264 282 259 285 269 288 267 291 260 287 259 278 264 277 269
280 279 286 282 284 261 280 281 283 282 286 274 288 266 279 265 279 272
282 272 289 272 289 258 283 274 286 274 293 267 293 262 283 259 282 265
285 269 293 264 281 260 288 269 291 267 292 258 286 257 280 264 280 269
285 277 290 262 283 259 288 273 290 268 289 260 286 260 279 266 279 273
285 268 292 266 286 258 287 268 289 267 292 262 291 258 281 261 278 267
282 262 293 264 288 258 282 270 288 271 293 261 291 258 286 258 283 260
285 267 292 264 284 258 287 267 290 265 292 260 289 258 280 262 279 266
281 265 285 269 285 257 281 267 282 269 292 266 293 259 282 258 281 261
281 262 289 270 291 259 282 268 284 273 292 267 292 263 287 258 283 258
283 279 289 263 284 260 286 276 289 270 289 261 287 260 279 266 279 273
281 268 290 269 288 257 284 272 288 272 291 266 291 261 282 257 281 262
276 271 290 259 277 264 283 271 290 267 285 258 280 258 276 265 276 268
276 248 284 248 279 242 276 254 282 255 284 245 283 242 278 244 277 246
271 252 280 252 275 246 272 257 278 257 282 248 281 244 273 247 272 250
276 247 284 247 282 241 276 253 283 254 284 245 284 242 278 241 276 243
276 248 284 251 284 244 276 253 280 254 284 249 284 247 282 241 278 244
276 248 282 248 276 242 276 253 282 254 282 244 281 241 276 243 276 245
273 249 282 249 276 242 273 255 280 256 282 245 280 242 275 244 273 246
278 245 284 248 283 241 278 251 282 254 284 246 284 243 280 241 278 242
275 247 281 253 286 245 275 252 277 256 283 251 286 248 284 242 279 244
279 255 283 249 275 249 280 254 281 251 284 244 279 244 273 252 274 256
278 249 284 247 277 242 278 254 283 253 284 243 282 241 276 243 276 246
279 255 283 249 275 249 280 254 281 251 284 244 279 244 273 252 274 256
276 247 283 251 284 245 276 253 280 256 284 249 284 247 283 242 279 244
275 249 282 249 276 242 275 255 281 255 282 245 280 242 275 243 275 246
276 248 283 252 284 245 276 253 279 256 284 250 284 248 282 241 278 244
276 250 284 248 278 244 279 254 284 253 284 243 281 239 278 246 278 248
275 248 282 255 281 242 275 253 277 256 284 250 284 245 279 244 276 246
276 247 284 248 278 241 276 253 282 254 284 244 283 241 276 242 276 244
278 245 284 248 283 241 278 251 282 254 284 246 284 243 280 241 278 242
276 250 284 250 278 244 278 254 282 254 284 245 283 241 278 246 278 248
273 250 280 252 282 245 273 255 277 256 282 251 282 248 279 244 275 246
237 295 244 293 234 277 239 295 242 295 244 286 241 279 231 282 232 289
232 291 238 288 224 276 234 291 237 291 238 281 232 275 223 281 225 288
225 289 232 288 220 274 227 289 230 289 233 280 228 273 218 279 220 285
229 281 239 294 239 280 229 287 232 293 243 292 243 286 235 278 231 279
239 296 246 293 235 277 242 296 245 296 246 286 243 278 232 283 233 290
242 297 248 293 236 281 244 297 247 296 248 286 243 279 234 286 236 293
237 295 244 290 231 281 240 295 243 294 243 284 237 278 230 286 232 292
239 282 244 295 249 281 239 287 240 292 250 295 250 288 245 279 241 280
222 277 232 290 229 273 222 283 225 289 237 287 236 279 226 273 223 275
240 299 249 297 239 278 243 299 246 299 250 289 247 281 235 283 236 291
220 288 228 287 215 276 222 288 225 288 229 279 223 272 214 280 215 285
223 277 234 290 231 274 223 283 227 290 237 287 237 280 228 273 225 274
225 278 239 290 238 282 225 285 231 291 239 288 239 285 235 277 230 275
226 290 234 289 221 274 228 290 231 290 234 281 230 273 220 279 222 285
240 296 247 293 236 278 242 296 245 296 247 286 243 279 233 284 234 291
244 295 250 293 240 281 246 295 249 295 250 286 247 279 239 285 240 291
242 297 251 296 241 277 245 297 248 297 251 288 249 280 237 282 237 290
232 277 241 295 241 277 232 284 234 292 245 291 245 284 238 275 235 275
242 296 250 296 241 279 244 296 247 296 251 289 249 281 238 283 238 290
239 274 245 293 247 275 239 281 240 288 251 290 251 283 245 272 242 272
240 299 249 297 238 278 243 299 246 299 250 289 247 281 235 283 235 291
221 288 229 287 217 274 223 288 226 288 230 279 225 273 215 278 216 284
235 281 242 296 242 279 235 287 237 293 247 292 247 285 240 278 237 279
241 298 249 296 240 278 244 298 247 298 249 289 247 282 234 285 236 292
234 293 240 290 228 278 236 293 239 293 240 284 235 277 226 282 228 289
239 277 245 293 246 274 239 283 240 289 251 290 250 282 243 274 240 275
241 298 250 297 240 277 244 298 247 298 250 289 249 281 236 283 237 291
241 298 250 297 241 277 244 298 247 298 250 289 249 281 236 282 237 290
228 280 240 294 237 279 228 287 233 293 241 290 241 285 234 277 230 278
240 299 249 297 239 278 243 299 246 299 250 289 247 281 235 283 235 291
220 274 230 290 228 272 220 281 223 288 234 285 233 278 225 272 222 272
244 299 250 294 238 278 247 299 250 297 250 287 246 279 235 285 237 293
244 295 251 293 243 276 246 295 249 295 251 286 250 279 239 281 241 288
242 296 250 295 240 280 244 296 247 296 250 288 248 280 239 284 239 290
242 298 251 296 241 277 245 298 248 298 251 288 248 280 237 282 237 290
239 298 248 297 240 279 242 298 245 298 249 290 248 283 235 283 235 291
225 279 236 292 234 277 225 285 229 291 239 289 239 283 231 276 228 276
232 282 244 295 239 278 233 288 237 295 245 290 245 284 236 278 233 279
244 295 251 293 242 277 246 295 249 295 251 286 249 279 239 282 241 289
240 292 249 292 243 272 243 292 246 292 250 285 248 277 238 276 238 284
242 298 251 295 239 278 245 298 248 298 251 287 247 279 236 284 237 291
244 297 251 293 242 278 247 297 250 296 251 287 249 280 237 283 238 291
240 292 249 292 241 272 243 292 246 292 250 284 248 276 238 277 238 284
258 239 264 241 265 235 258 244 262 246 265 239 265 237 262 231 257 233
263 245 269 244 268 238 266 250 270 250 268 242 268 240 264 236 264 241
259 239 265 240 265 234 259 244 263 246 265 238 265 236 260 231 257 233
258 236 266 235 265 229 260 241 265 241 266 233 266 231 260 228 257 231
257 233 266 235 265 229 258 239 265 242 266 233 266 231 261 228 258 230
252 244 259 244 257 234 252 250 257 251 259 240 259 236 254 237 253 241
248 241 256 242 253 237 249 248 255 250 256 240 256 237 251 237 248 239
263 229 267 252 269 232 264 237 265 245 269 246 269 239 268 229 266 228
244 241 252 248 250 237 244 245 247 248 255 244 255 239 248 238 245 239
255 260 261 234 256 246 259 253 262 243 258 236 256 241 255 251 253 256
243 250 249 250 250 237 244 252 247 252 253 245 253 240 243 237 240 242
250 245 258 242 251 239 251 251 257 249 258 238 255 236 250 240 250 242
248 242 257 241 252 237 250 249 256 249 257 239 255 236 250 238 248 240
247 242 256 244 256 238 249 248 255 251 256 242 256 240 253 237 249 238
252 245 260 242 254 238 252 251 258 249 260 237 257 234 253 240 253 243
256 252 262 236 258 234 259 250 262 243 262 234 261 233 257 240 256 245
240 242 254 245 249 237 242 248 248 251 254 241 253 238 245 237 241 239
258 236 265 237 263 230 259 241 264 243 265 235 265 232 259 229 257 232
258 249 259 242 252 245 258 247 259 245 259 235 253 238 251 248 254 251
254 259 261 234 255 247 259 253 262 243 257 237 256 242 255 251 254 255
240 241 253 243 246 237 242 248 249 251 253 239 250 237 244 237 241 239
300 270 306 264 303 253 303 270 305 267 307 260 307 256 296 256 295 263
301 260 308 260 305 254 301 267 306 268 308 258 308 255 302 255 301 257
300 261 308 261 304 255 301 268 307 268 308 258 307 255 302 256 300 259
298 269 304 270 301 254 299 272 302 272 307 264 307 257 296 257 295 262
301 258 308 261 308 255 301 264 305 267 308 259 308 257 305 254 301 255
294 264 302 265 297 258 294 270 301 272 302 261 301 258 295 259 294 261
297 261 305 261 298 255 297 267 303 267 305 257 303 255 297 256 297 258
298 260 308 261 303 255 299 268 305 269 308 258 306 255 300 256 298 257
301 259 308 261 306 254 301 265 306 268 308 259 308 256 303 254 301 256
302 263 309 264 309 258 302 268 306 269 309 262 309 260 305 255 302 257
293 256 301 267 303 252 293 261 296 266 305 263 307 257 299 250 295 253
294 263 302 266 302 258 295 269 300 271 303 264 303 261 298 257 295 260
298 268 306 266 305 255 300 271 304 271 307 262 307 258 299 255 296 261
298 258 306 261 305 255 298 264 303 267 306 259 306 257 302 254 299 256
295 262 303 263 303 258 296 267 301 269 303 262 303 260 300 256 296 258
299 260 308 261 304 255 300 267 306 269 308 258 307 255 302 255 299 258
297 267 306 263 297 253 301 268 304 267 307 258 303 252 294 256 294 261
299 259 307 261 305 254 299 265 304 267 307 259 307 256 302 254 300 256
294 262 306 262 306 252 298 264 302 264 307 259 307 255 299 250 294 254
296 261 304 262 303 256 297 267 302 268 304 260 304 258 299 256 296 258
259 249 263 249 260 244 259 254 263 255 263 246 263 242 260 246 260 248
258 247 263 249 263 244 258 252 261 254 263 248 263 246 262 242 259 244
259 251 263 249 260 245 259 255 263 254 263 245 262 242 260 247 260 249
259 251 264 249 260 246 260 255 264 254 264 245 262 242 260 248 260 250
282 259 288 260 287 254 282 263 286 264 288 258 288 256 283 252 280 254
280 262 286 260 282 256 282 266 286 265 286 256 284 253 282 258 281 260
282 258 288 261 286 253 282 263 286 264 288 259 288 256 282 252 282 254
280 257 287 258 285 252 280 262 285 263 287 256 286 254 281 250 280 252
282 259 288 262 288 256 282 263 284 265 288 260 288 258 284 252 282 254
279 257 286 260 286 253 280 261 283 263 286 258 286 256 281 248 279 251
278 261 286 258 279 255 280 267 286 265 284 254 280 252 278 257 278 258
280 256 286 258 285 252 280 261 284 263 286 256 286 254 281 248 279 250
287 262 287 255 282 259 287 260 287 258 284 253 282 255 281 262 284 264
281 258 288 260 286 253 281 263 285 264 288 258 288 256 282 252 280 253
279 263 286 263 286 258 279 268 284 269 286 262 286 260 284 255 280 259
279 263 286 264 281 257 280 268 285 268 286 258 283 253 281 259 280 261
282 259 288 260 288 254 282 264 286 265 288 258 288 256 284 252 282 254
282 260 287 261 287 255 282 264 286 265 287 259 287 257 284 252 282 255
280 259 288 259 286 254 281 264 286 264 288 258 288 256 282 252 279 254
282 259 287 263 287 258 282 263 284 266 287 262 287 260 286 253 282 253
280 261 286 262 286 257 280 266 285 267 286 261 286 259 283 255 280 258
279 258 287 259 286 254 281 263 286 263 287 258 287 256 282 251 279 253
283 260 287 263 287 257 283 264 284 268 287 261 287 259 285 254 283 255
279 261 286 262 286 257 279 266 284 268 286 261 286 259 283 255 279 257
280 255 286 258 285 252 280 260 284 262 286 256 286 254 282 249 279 250
280 262 286 263 286 257 280 267 285 268 286 261 286 259 283 254 281 258
279 263 286 262 280 258 280 268 285 268 286 258 284 255 280 260 279 261
283 260 287 262 287 257 283 264 285 267 287 261 287 259 285 253 283 255
279 254 287 244 279 245 284 254 288 249 285 244 282 245 274 245 274 249
281 254 285 244 277 244 286 252 288 247 283 245 280 245 273 247 275 251
285 251 292 253 289 245 286 253 289 253 294 249 293 245 285 245 283 247
285 251 290 251 285 244 286 251 288 251 291 247 290 244 280 246 280 250
285 252 292 250 290 244 287 252 290 252 292 248 292 245 285 244 282 247
286 253 293 247 283 245 290 253 293 251 291 245 287 244 283 247 284 250
281 254 287 244 278 244 285 253 288 249 284 244 281 245 274 245 275 251
284 252 289 249 282 245 286 252 288 251 289 245 286 244 277 247 278 251
290 259 294 254 288 249 290 258 292 256 295 250 292 248 285 253 284 258
285 252 291 253 290 245 287 253 289 253 294 250 294 246 286 244 283 247
287 255 292 253 285 247 288 255 290 254 294 249 291 247 284 250 284 254
289 259 293 255 285 253 290 259 291 257 294 250 289 249 284 256 285 259
285 251 292 253 289 245 286 253 289 253 294 249 293 245 285 245 283 247
283 252 288 252 290 244 284 252 286 252 292 250 292 246 285 244 281 246
284 251 288 253 291 244 285 252 286 253 292 252 293 248 286 243 282 245
285 252 290 250 281 245 286 252 288 252 290 245 286 244 279 248 281 252
275 254 281 254 277 244 277 254 279 254 286 250 284 245 272 246 273 250
285 252 293 246 282 245 288 253 293 251 290 244 286 243 282 246 283 249
287 255 294 251 285 247 289 255 292 253 294 247 290 246 284 250 284 254
286 251 291 250 284 245 287 251 289 251 291 246 289 244 280 246 281 251
284 251 293 246 289 244 288 253 293 251 293 245 291 244 285 243 282 246
285 252 292 253 289 245 286 254 289 254 294 249 293 246 285 246 284 248
280 253 287 251 280 245 282 253 284 253 289 247 286 244 275 246 276 250
287 254 292 253 290 246 288 254 290 254 294 251 294 247 285 246 284 250
279 254 287 247 281 245 283 254 286 251 287 245 284 244 275 244 273 249
285 252 289 253 289 245 285 253 287 253 294 251 294 246 285 245 283 248
287 252 290 244 284 244 290 251 291 247 288 244 286 244 280 247 281 251
284 251 288 253 290 244 284 252 286 253 292 252 293 247 285 244 282 245
269 250 284 245 276 244 274 257 282 253 282 244 279 244 272 245 269 247
286 251 291 250 286 244 287 251 289 251 291 247 290 244 281 245 280 250
268 248 284 247 278 244 273 256 280 255 284 245 281 244 274 244 270 245
286 253 293 247 290 244 289 253 293 251 293 246 292 244 284 243 282 247
287 255 292 253 290 247 288 255 290 254 295 251 294 247 285 247 284 251
276 256 284 245 274 244 281 254 285 250 281 244 278 244 269 247 271 252
265 254 275 272 273 253 265 261 268 269 279 266 277 260 270 252 267 252
264 255 274 273 270 251 265 262 268 269 279 266 277 258 267 251 265 253
264 253 273 272 272 251 264 260 267 267 278 266 277 258 269 250 266 250
273 273 279 268 270 254 276 273 279 272 278 262 275 256 265 260 267 267
273 273 279 269 270 254 275 273 278 272 279 263 275 256 265 259 266 266
270 270 276 272 269 253 270 272 273 273 279 265 276 257 265 256 265 263
272 273 279 272 269 254 274 274 277 274 279 264 275 256 265 259 266 266
265 255 276 272 274 254 265 262 269 270 279 268 277 261 271 254 268 253
271 261 275 263 266 248 272 264 274 265 275 257 273 250 266 251 269 255
270 257 275 254 269 246 272 263 275 260 273 251 272 248 264 248 267 252
257 250 270 263 265 249 260 257 263 265 270 258 270 252 262 248 259 249
262 249 273 266 271 247 264 256 267 262 275 261 275 254 268 246 265 247
269 262 275 261 264 247 270 263 273 263 275 254 271 247 262 251 266 256
270 264 275 261 265 247 272 264 274 264 275 255 272 248 261 251 266 258
265 250 272 262 272 252 267 256 270 262 272 259 272 256 270 247 265 246
268 267 275 264 266 249 271 267 274 267 275 258 273 251 261 253 263 261
264 248 275 264 271 248 268 253 271 260 275 259 274 253 269 247 266 247
263 249 272 265 270 248 265 255 267 260 274 261 274 254 268 247 265 247
256 251 270 263 263 249 259 259 263 266 270 257 269 251 260 249 257 250
264 251 273 262 273 250 265 257 268 263 273 258 273 254 269 247 265 247
272 260 275 261 264 247 272 262 274 263 275 254 271 247 265 251 268 255
267 255 273 256 272 248 269 261 273 262 273 254 273 251 267 247 264 249
270 260 275 261 266 245 271 262 273 262 275 254 273 247 262 249 266 254
269 268 275 265 264 250 272 268 275 268 275 258 272 250 261 256 263 263
266 261 271 263 264 246 267 263 269 264 271 256 271 249 260 249 263 255
271 259 275 259 267 244 272 262 275 262 275 253 273 247 263 247 266 253
272 261 275 258 266 244 274 263 275 261 275 252 272 246 262 249 268 255
272 262 275 260 266 245 273 263 275 263 275 254 272 248 262 249 269 255
270 266 275 263 264 248 272 266 275 266 275 256 272 249 262 254 264 261
258 250 271 262 266 248 261 256 264 264 271 257 271 252 263 248 260 248
258 249 269 264 266 247 260 255 264 261 271 259 271 252 263 246 260 247
269 264 274 263 266 247 270 265 273 265 274 257 273 250 263 251 268 257
267 255 272 255 263 248 269 261 272 262 272 251 268 247 264 249 265 252
265 254 273 263 272 249 267 259 269 264 273 259 273 254 267 246 264 249
263 250 269 262 272 251 265 254 267 258 272 264 272 258 269 247 265 247
265 261 270 261 263 245 266 263 269 263 270 255 270 248 258 248 261 255
262 252 273 269 271 250 262 259 265 267 275 264 275 257 268 250 265 250
268 263 271 262 265 247 268 265 271 265 271 256 271 250 261 250 264 256
262 249 272 263 269 248 265 256 268 262 272 258 272 253 267 247 264 247
287 267 292 263 290 249 290 268 291 266 293 259 293 254 286 254 286 260
283 258 292 259 292 254 286 263 291 265 292 258 292 256 288 253 284 255
286 256 292 259 292 251 286 262 291 265 292 257 292 254 289 248 286 251
278 265 284 263 279 258 279 270 284 269 284 259 282 255 279 260 279 263
280 270 285 265 284 253 283 270 285 268 285 261 285 257 278 257 277 264
287 259 292 259 286 253 287 264 292 265 292 255 291 251 286 254 286 256
287 258 292 265 292 258 287 261 288 265 292 263 292 261 292 252 287 251
283 263 289 264 288 251 285 267 288 268 289 260 289 255 284 253 282 257
285 259 291 259 291 254 286 264 291 265 291 258 291 256 288 252 285 254
283 262 290 262 289 254 285 267 290 268 290 260 290 257 284 253 282 256
283 259 291 259 291 254 286 264 291 265 291 258 291 256 287 253 284 256
280 262 286 261 281 256 280 267 286 267 286 257 284 254 280 257 280 259
286 255 291 259 291 252 286 261 290 265 291 257 291 255 290 249 286 250
286 260 294 258 288 253 289 265 294 264 293 254 290 250 288 255 287 258
287 264 292 263 290 246 289 266 292 266 292 257 292 251 286 250 286 257
287 260 292 259 291 252 287 265 292 265 292 257 292 255 287 252 286 255
285 262 290 265 290 258 285 266 288 268 290 263 290 261 287 256 285 257
286 258 292 260 292 252 287 263 291 265 292 258 292 255 289 249 286 252
286 254 292 258 292 251 287 261 291 265 292 256 292 254 291 248 287 250
287 255 292 259 292 251 287 261 290 264 292 257 292 254 290 247 287 250
284 259 292 260 291 252 287 264 291 265 292 258 292 255 286 250 284 253
286 258 292 259 289 252 286 265 290 266 292 257 291 254 287 251 285 255
282 267 288 262 284 253 285 269 288 267 288 257 287 252 280 257 279 261
285 257 291 258 287 252 286 265 291 267 291 256 288 255 286 252 284 255
287 259 292 260 292 253 287 264 291 265 292 258 292 256 289 250 286 253
281 258 289 260 288 253 283 264 289 267 289 258 289 255 284 253 281 255
284 259 290 262 290 254 284 265 288 267 290 260 290 257 286 253 283 254
284 259 291 260 291 254 286 264 290 265 291 258 291 256 287 251 284 253
286 256 294 263 294 250 286 261 289 266 294 259 294 255 290 249 286 252
288 268 293 254 288 251 292 266 293 260 292 251 290 249 286 257 284 262
281 265 287 266 285 252 282 267 284 268 289 260 289 255 279 254 279 259
292 272 300 275 299 268 293 278 299 281 300 273 300 271 295 265 291 267
292 273 299 274 297 266 292 278 298 279 299 272 299 269 293 266 292 269
292 274 300 276 299 269 293 280 299 281 300 274 300 272 296 265 292 268
293 280 300 280 292 264 295 281 298 281 300 274 298 267 290 268 291 274
264 237 270 218 263 213 270 234 270 226 269 215 267 212 261 222 260 230
260 237 271 225 260 227 266 237 271 232 268 223 263 223 259 231 258 234
258 237 266 236 259 231 261 241 266 241 266 232 263 230 258 232 258 234
258 232 268 235 263 227 258 238 264 240 268 231 267 228 261 227 258 230
255 244 263 238 255 234 260 244 264 243 261 236 258 235 251 236 251 240
260 237 270 223 260 227 267 237 271 231 266 222 262 224 259 231 258 234
258 235 265 237 269 224 259 237 262 237 270 235 271 230 262 222 258 227
257 237 265 236 264 232 260 242 265 242 265 235 265 233 260 232 257 234
260 240 269 237 267 226 263 240 266 239 269 233 269 229 260 227 258 234
259 234 267 234 266 229 260 240 266 240 267 232 267 230 262 229 259 230
257 242 262 243 257 235 258 243 260 243 264 240 263 235 255 236 254 239
258 232 270 236 267 224 258 237 264 239 270 232 270 228 263 224 258 228
280 260 288 260 287 254 282 265 288 266 288 258 288 256 284 253 280 255
285 270 289 265 283 254 288 270 289 268 290 259 289 253 282 259 282 265
276 254 284 257 283 250 276 260 281 263 284 255 284 253 280 246 276 248
282 261 290 262 286 253 282 267 288 268 290 259 289 255 282 254 282 257
280 259 288 259 285 253 282 267 288 267 288 256 288 253 282 253 282 256
278 258 286 258 285 253 280 264 286 264 286 256 286 254 282 253 278 255
280 259 286 259 285 254 280 264 285 265 286 258 286 256 282 253 280 255
278 257 286 257 282 251 280 264 286 265 286 254 285 251 280 252 278 254
276 254 284 255 280 248 276 261 283 263 284 252 282 249 278 249 276 251
273 258 280 261 273 247 274 260 277 261 282 255 281 248 273 250 273 254
280 263 289 263 285 251 282 268 288 268 290 259 289 255 282 254 280 259
282 261 290 263 286 255 282 268 288 270 290 260 289 256 283 256 282 259
278 259 286 259 285 253 280 264 286 265 286 257 286 255 281 253 278 254
278 258 286 258 285 253 280 264 286 264 286 256 286 254 282 253 278 255
278 257 285 261 286 253 278 263 283 266 286 259 286 256 282 251 278 251
280 261 288 260 287 254 282 266 288 266 288 258 288 256 283 253 280 256
275 252 282 261 282 248 275 257 276 261 284 258 284 253 279 246 275 247
280 260 288 259 287 254 282 265 287 265 288 258 288 256 284 253 280 255
284 273 293 265 282 262 288 273 292 269 292 262 287 261 281 265 281 270
280 271 287 273 287 263 280 275 284 276 292 269 293 264 282 262 279 266
289 269 297 261 289 261 294 267 299 265 295 261 292 261 284 261 285 265
286 261 297 262 291 259 287 268 293 270 297 260 294 260 289 259 287 259
272 277 286 269 280 267 277 282 281 276 286 267 283 267 275 268 272 271
288 271 294 266 284 262 290 271 292 269 295 261 290 260 283 265 284 269
287 262 298 262 292 259 288 268 294 268 298 260 295 259 290 258 287 260
275 277 281 279 284 266 277 281 280 282 285 273 288 268 278 265 274 270
289 269 295 267 287 260 291 269 293 268 298 262 293 261 283 261 283 266
276 274 282 278 283 265 276 277 279 280 287 272 288 266 278 265 276 268
289 267 298 263 293 259 292 269 296 267 298 261 296 260 289 259 288 262
288 271 298 263 287 260 292 270 296 267 296 261 292 261 283 262 284 268
292 268 296 261 289 260 296 267 298 264 294 260 292 260 285 262 286 266
289 270 296 262 286 261 292 270 295 266 293 260 289 260 285 264 286 268
286 260 296 263 294 260 286 267 292 270 296 262 296 260 291 259 288 259
291 267 298 261 290 260 295 267 299 265 296 261 293 260 284 260 284 266
289 267 296 267 288 260 290 269 293 269 298 262 294 259 288 261 288 264
291 267 298 263 292 260 294 267 297 266 298 261 295 260 287 260 286 264
285 272 291 269 282 263 287 272 290 272 294 263 289 261 281 266 282 270
277 268 288 270 286 263 279 274 283 276 291 267 290 263 282 263 278 264
288 267 295 268 293 260 290 269 292 269 298 264 297 260 289 260 287 262
277 266 281 277 289 263 277 270 278 274 285 274 290 269 285 263 280 263
289 268 299 263 292 261 293 268 297 266 298 261 295 261 286 260 284 264
277 274 288 270 284 264 279 278 284 276 289 267 288 264 279 264 276 268
288 267 296 267 292 260 290 268 293 268 298 263 296 260 288 260 287 263
258 307 259 299 256 282 260 306 260 303 257 293 260 287 252 291 252 299
254 309 262 310 259 303 255 312 259 312 262 308 262 305 255 302 253 304
251 307 260 305 255 300 254 312 259 311 259 303 257 301 251 299 249 302
252 307 262 304 255 301 255 313 261 311 261 302 258 301 253 302 252 304
254 308 262 308 259 302 256 312 260 312 262 306 261 304 254 299 253 303
256 309 264 306 259 303 260 311 265 311 263 305 261 304 255 301 253 304
256 311 264 309 257 302 259 311 262 311 263 307 260 304 252 302 253 306
252 308 262 307 257 301 255 312 260 312 262 305 260 302 253 301 252 304
256 300 260 295 259 279 258 300 260 298 261 289 261 283 256 285 256 292
257 302 262 284 258 280 260 298 262 291 262 282 261 280 255 288 254 295
258 303 263 299 261 279 261 303 263 302 262 292 263 285 255 286 254 294
253 310 262 307 257 301 256 312 260 312 262 305 260 302 252 300 251 304
257 309 265 307 257 300 261 311 265 311 263 305 260 302 252 300 253 304
254 309 261 311 261 304 255 311 258 311 262 310 262 307 256 302 253 303
256 305 263 306 258 300 259 309 264 310 261 304 259 302 254 297 253 300
255 309 264 306 258 302 259 311 264 311 262 304 260 303 254 300 252 304
255 310 263 306 257 302 259 312 263 311 262 304 260 303 253 302 253 305
256 305 264 307 260 301 259 309 263 310 263 305 261 303 255 296 254 299
277 275 283 277 278 257 278 277 281 278 283 269 283 261 274 261 274 268
277 275 282 277 282 260 277 277 279 277 285 272 285 265 277 261 277 268
277 276 283 277 278 256 279 279 282 279 283 269 283 261 274 261 274 268
279 278 283 276 280 258 280 279 283 279 283 269 283 262 275 263 276 270
275 278 281 278 277 262 276 279 279 279 283 271 283 264 273 264 274 271
278 277 284 276 280 259 280 278 283 278 284 270 284 263 276 263 277 270
276 276 283 276 282 261 277 278 280 278 285 271 285 266 276 262 276 269
275 276 282 277 282 262 276 278 279 278 284 272 284 267 275 262 274 268
277 276 283 276 278 257 279 278 282 278 283 269 283 262 274 262 274 269
274 258 280 280 283 257 274 265 277 273 283 274 283 266 280 256 277 256
277 275 283 275 283 261 278 277 281 277 285 270 285 265 277 261 277 268
277 275 284 277 281 260 279 277 282 278 284 271 284 264 277 262 277 268
277 275 283 277 283 260 278 277 280 277 285 272 285 266 277 261 277 268
277 276 283 277 279 257 279 279 282 279 283 270 283 262 274 260 275 268
274 279 281 278 279 263 276 280 278 280 282 273 282 267 273 265 272 271
263 248 272 250 267 243 264 253 268 254 273 246 271 244 265 243 263 245
262 249 272 250 265 243 263 254 267 255 272 246 270 243 263 244 262 246
271 255 273 248 264 248 272 253 273 251 271 245 267 245 263 252 265 257
264 246 271 252 273 245 264 250 266 253 273 251 273 248 270 244 266 244
261 255 269 260 265 252 262 259 265 261 271 255 271 250 263 252 261 253
264 249 273 249 270 245 264 255 270 256 273 247 272 245 267 245 264 246
261 255 269 261 269 251 262 259 265 261 270 257 271 253 266 252 262 252
263 251 271 255 269 246 264 255 267 257 272 251 272 247 266 246 264 249
261 246 271 248 267 243 261 253 266 255 271 246 270 243 265 243 262 244
270 256 273 250 264 250 272 254 273 252 271 245 266 245 263 253 265 257
264 252 272 251 264 245 266 253 269 253 273 246 270 244 264 246 264 249
262 249 271 250 265 243 263 254 267 255 271 246 270 243 263 244 262 246
264 252 272 251 264 245 266 253 269 253 273 246 270 244 263 246 263 249
264 249 272 252 272 245 264 253 267 255 273 250 273 247 268 244 264 246
262 249 271 248 265 243 263 255 269 254 271 245 269 243 263 244 262 246
268 277 276 276 277 264 270 277 273 277 278 272 278 268 268 262 265 270
270 279 278 277 268 263 272 279 275 279 279 270 276 265 265 267 265 274
267 270 284 274 280 268 269 278 277 279 284 272 283 269 275 266 270 266
271 280 278 277 271 262 273 280 276 280 279 271 277 265 265 266 265 274
267 273 284 272 270 267 271 279 279 279 281 268 276 266 269 268 267 271
271 280 279 277 268 263 273 280 276 280 279 270 275 265 265 268 265 275
266 272 278 279 277 266 267 277 272 279 282 274 281 269 272 264 267 267
231 271 240 267 230 264 234 274 239 273 238 264 234 263 230 265 230 268
219 268 225 267 223 260 221 268 223 268 229 265 228 261 217 260 214 263
227 268 234 263 226 260 231 268 234 267 232 261 229 260 224 263 224 267
226 264 232 269 234 262 226 268 228 270 234 268 234 265 230 260 226 261
228 268 237 269 230 263 228 273 233 274 237 265 234 263 229 264 228 266
233 272 241 268 236 263 236 273 240 272 241 266 239 264 232 263 231 267
231 272 240 267 231 265 235 274 240 273 237 264 233 263 230 266 231 269
227 268 234 270 232 262 228 270 231 271 236 267 236 263 228 262 226 264
227 269 237 270 230 263 228 274 233 274 237 266 234 263 228 264 227 267
227 269 235 266 232 261 230 271 234 270 235 264 234 262 227 260 226 263
231 268 239 268 237 263 232 273 237 273 239 267 239 265 233 262 230 264
227 268 237 270 231 263 227 273 232 274 237 267 235 264 229 263 227 266
229 266 237 270 237 264 229 271 232 273 237 268 237 266 234 262 230 263
222 268 229 268 222 262 224 268 226 268 231 264 228 261 220 264 220 267
227 266 235 269 235 262 228 270 231 271 236 267 236 264 231 261 227 262
228 269 235 266 228 259 230 269 233 268 235 262 232 260 224 262 224 266
227 265 236 265 230 260 228 271 234 271 236 262 233 261 228 261 227 262
231 269 239 269 237 263 233 274 238 274 239 267 239 265 233 263 231 265
231 269 239 267 236 263 234 273 239 272 239 266 238 264 232 263 230 266
231 267 239 268 238 263 232 272 237 273 239 266 239 264 234 262 231 263
220 266 227 266 223 260 222 266 224 266 230 264 228 261 218 260 217 263
289 284 297 267 291 263 294 281 297 274 297 264 294 263 285 268 284 277
284 282 293 278 290 263 287 282 290 282 296 272 296 265 281 264 282 272
285 283 293 280 291 263 288 283 291 283 297 273 297 266 283 265 283 274
276 274 292 272 288 262 280 280 287 279 294 267 293 263 280 262 275 266
290 285 298 282 293 265 292 285 295 285 299 276 299 269 287 270 286 277
287 285 298 267 289 263 294 283 298 275 295 265 292 263 284 270 283 277
287 289 295 286 291 268 290 289 293 289 298 279 297 271 284 272 286 281
287 284 297 266 290 263 293 282 297 274 296 264 293 263 285 269 284 277
283 280 292 279 289 262 285 282 288 282 296 272 296 265 281 264 281 271
287 290 296 284 292 268 290 290 293 288 298 279 298 272 283 273 283 282
287 289 296 285 292 267 290 289 293 288 298 278 298 271 285 271 286 280
288 284 297 265 289 263 294 281 297 273 295 263 292 263 285 269 284 277
276 273 294 263 283 262 282 280 291 274 291 262 287 262 277 263 275 267
290 268 296 285 297 267 290 275 290 283 301 280 301 273 294 265 291 266
290 267 293 286 298 267 290 274 290 281 300 282 301 275 295 265 292 265
279 275 291 277 288 262 281 280 286 280 295 271 295 264 281 263 278 268
275 272 291 273 287 262 278 279 285 280 293 268 293 263 280 262 274 266
288 285 298 270 289 265 295 284 298 277 297 267 293 265 283 271 282 278
288 285 298 268 289 265 295 284 298 276 295 265 292 265 283 271 282 279
290 287 299 283 295 267 293 287 296 285 299 277 299 271 288 271 288 279
289 289 298 272 289 267 295 286 298 279 297 269 293 267 284 274 286 282
290 267 293 285 298 267 290 274 290 281 300 282 301 275 295 265 292 265
286 285 296 266 287 265 295 284 298 275 293 265 290 264 283 271 281 278
283 280 293 278 288 262 286 282 290 282 296 271 296 264 281 265 282 272
272 274 288 273 282 263 277 280 284 280 290 268 288 264 276 263 272 268
306 266 313 264 312 251 308 266 311 266 316 260 316 255 305 252 303 259
303 252 314 254 307 248 304 259 311 259 314 250 311 248 305 248 303 249
298 253 304 259 303 248 298 257 300 259 309 256 309 249 301 248 298 251
303 253 312 263 313 250 303 258 306 263 315 260 316 255 309 248 305 249
303 254 315 257 312 246 303 260 310 260 316 253 315 249 308 248 305 251
304 261 311 258 301 248 306 260 309 260 311 251 308 246 298 252 299 258
299 259 309 252 299 248 303 259 308 257 308 248 304 248 296 251 296 255
295 262 302 260 303 248 297 263 300 262 306 257 306 252 296 248 294 255
300 259 309 254 304 248 304 259 308 257 309 251 308 248 298 249 298 254
294 265 299 262 298 248 295 266 298 265 304 257 304 250 292 252 292 258
303 250 313 257 313 248 303 257 307 261 314 255 314 251 310 246 306 247
292 256 302 258 295 250 292 262 298 263 302 253 300 248 293 251 292 253
303 267 311 267 310 251 305 268 308 268 314 262 314 255 303 252 303 259
303 250 316 257 314 246 303 257 310 259 316 254 315 250 310 246 306 247
301 256 313 256 307 251 303 264 310 265 312 253 310 251 305 251 302 254
303 259 314 256 309 247 306 261 310 260 314 252 313 248 305 250 303 254
292 265 298 265 298 250 293 266 296 266 300 260 300 255 292 252 291 258
301 260 312 258 308 253 304 267 310 265 312 256 310 254 304 253 302 257
298 261 307 255 301 248 302 261 305 258 307 251 305 248 296 250 296 256
301 260 312 258 311 248 305 261 309 259 313 254 313 250 304 248 301 252
305 265 313 261 304 253 308 266 311 264 313 256 310 253 303 256 303 260
303 254 316 253 311 248 306 261 314 260 316 251 314 248 307 248 304 251
303 252 314 251 309 248 305 260 312 258 314 249 312 248 306 248 303 249
303 261 314 250 303 250 309 260 314 257 312 246 307 246 301 253 301 257
301 258 306 261 310 246 301 260 303 261 312 258 313 252 304 246 301 251
304 260 316 256 308 248 308 263 312 261 315 252 312 249 304 251 303 255
303 257 313 262 312 254 303 263 308 266 313 260 313 257 309 253 304 253
296 270 299 253 296 245 299 266 299 260 299 250 299 247 290 253 290 262
292 269 298 264 295 244 295 269 298 268 298 257 298 250 289 251 288 259
292 268 298 244 288 244 297 262 298 253 295 242 292 242 287 253 287 261
296 262 302 258 301 244 298 262 301 261 303 253 303 248 294 247 293 254
291 269 298 249 292 243 297 266 298 258 298 246 296 243 289 252 288 261
289 266 298 262 291 240 292 266 296 266 298 254 299 246 284 246 284 257
288 264 296 265 292 242 290 266 293 266 298 257 298 248 286 246 286 255
269 267 277 264 268 255 271 267 274 265 279 259 275 255 264 259 265 263
264 276 273 267 268 262 269 276 273 272 273 265 271 263 261 265 260 271
264 263 273 264 275 255 265 267 270 268 277 263 278 258 269 254 263 257
263 264 278 260 275 255 267 268 273 264 278 258 278 256 269 255 263 258
268 272 276 267 270 258 271 272 275 271 276 263 275 259 264 261 264 267
266 259 272 267 278 256 267 263 268 267 276 264 279 261 273 254 268 255
267 259 278 263 272 255 267 265 273 267 278 259 276 255 269 255 267 256
262 265 276 255 268 255 269 268 275 263 274 255 271 255 263 256 261 260
265 264 275 269 271 257 266 268 270 269 277 264 277 258 268 258 265 260
262 272 274 272 263 262 265 275 269 275 274 265 270 261 262 264 262 268
258 277 271 275 269 264 261 279 266 278 272 271 272 267 262 264 258 270
263 264 275 266 270 259 264 272 272 273 275 263 274 260 267 260 264 261
263 264 277 256 269 254 269 268 275 263 275 255 272 254 264 255 262 259
264 262 276 261 270 258 266 270 275 270 276 259 273 258 268 258 265 260
263 262 269 269 271 254 264 265 265 269 274 263 277 258 266 252 263 256
263 262 279 257 271 255 269 267 277 263 277 256 274 255 267 255 263 258
270 267 279 262 268 255 273 267 276 265 279 257 274 254 266 259 267 264
266 261 273 268 272 256 266 265 268 268 278 264 278 258 270 257 267 259
266 261 278 262 271 255 267 267 274 268 278 258 275 256 269 256 267 259
258 292 267 294 266 289 261 298 267 301 267 292 267 290 262 288 258 289
260 294 272 298 270 291 262 300 267 302 272 296 272 293 265 289 260 289
268 301 278 298 273 293 271 303 276 303 278 296 276 294 269 294 268 297
268 300 274 302 276 296 268 302 271 302 276 302 276 299 271 293 267 294
263 301 268 297 255 286 265 301 268 300 268 291 262 286 253 290 257 296
259 294 268 295 265 289 262 300 268 301 268 293 268 290 261 289 259 290
260 298 267 294 265 288 264 299 267 298 267 292 267 290 258 287 255 290
268 300 276 300 274 294 270 303 274 303 276 298 276 296 269 292 268 295
268 301 278 298 272 293 271 303 276 303 278 296 275 294 269 294 269 298
263 301 273 298 266 290 267 302 271 301 273 294 270 291 261 291 261 295
265 302 274 296 267 291 269 302 273 301 273 293 270 292 262 293 262 297
257 290 267 293 264 288 260 296 266 299 267 291 267 289 261 288 258 288
259 293 269 295 267 290 261 299 267 301 269 293 269 291 263 288 259 288
271 304 279 298 272 293 275 304 278 302 279 295 276 294 268 295 268 300
260 296 270 297 268 290 262 301 267 301 270 295 270 292 263 288 260 290
267 302 277 300 270 293 270 303 274 303 277 296 274 294 265 292 265 296
256 289 267 290 261 288 260 297 267 298 266 288 264 288 259 288 256 288
252 287 267 299 260 287 253 295 260 301 267 294 266 288 257 287 254 287
265 301 275 297 269 292 269 302 274 302 275 294 272 293 264 292 264 296
269 303 278 298 271 293 273 303 277 302 278 295 275 294 266 294 267 298
257 298 267 299 255 287 261 301 265 301 267 292 263 287 253 288 253 293
